           1   -0.437548   -0.437548           0
           2     -0.4627   -0.450124    0.012576
           3   -0.443368   -0.447872  0.00760203
           4   -0.445551   -0.447292  0.00540666
           5   -0.439361   -0.445706   0.0044783
           6   -0.458209    -0.44779  0.00420867
           7   -0.429992   -0.445247  0.00437222
           8   -0.435796   -0.444066  0.00396648
           9   -0.448376   -0.444545  0.00353074
          10   -0.448836   -0.444974  0.00318702
          11   -0.445941   -0.445062   0.0028841
          12   -0.440312   -0.444666   0.0026624
          13   -0.442991   -0.444537  0.00245244
          14   -0.455149   -0.445295  0.00239371
          15   -0.428843   -0.444198  0.00248372
          16   -0.447608   -0.444411  0.00233306
          17   -0.442387   -0.444292  0.00219477
          18   -0.434068   -0.443724   0.0021458
          19    -0.44457   -0.443769  0.00203021
          20   -0.416629   -0.442412  0.00235607
          21   -0.436262   -0.442119  0.00226012
          22   -0.436978   -0.441885  0.00216757
          23   -0.442778   -0.441924  0.00207155
          24   -0.427773   -0.441335  0.00206915
          25   -0.447834   -0.441594  0.00200161
          26   -0.435874   -0.441374  0.00193563
          27   -0.444101   -0.441475   0.0018653
          28   -0.449682   -0.441769  0.00182119
          29   -0.446996   -0.441949  0.00176649
          30   -0.458231   -0.442492  0.00179082
          31   -0.435743   -0.442274  0.00174572
          32   -0.454083   -0.442643   0.0017301
          33   -0.441198   -0.442599  0.00167742
          34   -0.452485    -0.44289  0.00165311
          35   -0.452906   -0.443176   0.0016305
          36   -0.439696   -0.443079  0.00158751
          37   -0.431771   -0.442774  0.00157396
          38   -0.439039   -0.442675  0.00153513
          39   -0.453109   -0.442943    0.001519
          40   -0.435748   -0.442763  0.00149142
          41   -0.441332   -0.442728  0.00145501
          42   -0.436923    -0.44259  0.00142665
          43   -0.438295    -0.44249  0.00139666
          44   -0.435646   -0.442335  0.00137338
          45   -0.445109   -0.442396  0.00134393
          46   -0.457537   -0.442725  0.00135498
          47   -0.441768   -0.442705  0.00132599
          48   -0.449039   -0.442837  0.00130476
          49   -0.449407   -0.442971  0.00128487
          50   -0.437039   -0.442852  0.00126449
          51   -0.439013   -0.442777  0.00124173
          52   -0.435964   -0.442646  0.00122465
          53    -0.44406   -0.442673  0.00120162
          54   -0.436536   -0.442559  0.00118462
          55   -0.437953   -0.442475  0.00116589
          56   -0.443026   -0.442485  0.00114492
          57   -0.442153   -0.442479  0.00112467
          58   -0.447699   -0.442569  0.00110877
          59   -0.434463   -0.442432  0.00109844
          60   -0.443713   -0.442453  0.00108019
          61   -0.438039   -0.442381   0.0010648
          62   -0.449927   -0.442503  0.00105453
          63   -0.438106   -0.442433     0.00104
          64   -0.430588   -0.442248  0.00104022
          65    -0.43961   -0.442207   0.0010249
          66   -0.446966   -0.442279  0.00101182
          67   -0.450872   -0.442408  0.00100482
          68   -0.431662    -0.44225  0.00100247
          69   -0.449707   -0.442358 0.000993727
          70   -0.452439   -0.442502  0.00098996
          71   -0.444804   -0.442534 0.000976456
          72   -0.450961   -0.442651 0.000969886
          73   -0.452925   -0.442792 0.000966805
          74    -0.45567   -0.442966 0.000969399
          75   -0.449269    -0.44305 0.000960071
          76   -0.446863     -0.4431 0.000948682
          77   -0.452317    -0.44322 0.000943901
          78   -0.452721   -0.443342  0.00093965
          79   -0.450355    -0.44343 0.000931918
          80   -0.441429   -0.443405 0.000920535
          81   -0.433111   -0.443278 0.000917939
          82   -0.427811    -0.44309 0.000926089
          83    -0.44094   -0.443064 0.000915229
          84   -0.447493   -0.443116 0.000905804
          85   -0.442861   -0.443113 0.000895089
          86   -0.443088   -0.443113  0.00088462
          87   -0.440013   -0.443078 0.000875118
          88   -0.457094   -0.443237 0.000879657
          89   -0.448709   -0.443298 0.000871888
          90   -0.436163   -0.443219 0.000865783
          91    -0.43739   -0.443155 0.000858608
          92   -0.441545   -0.443137 0.000849405
          93   -0.448966     -0.4432 0.000842556
          94   -0.446227   -0.443232 0.000834166
          95   -0.444138   -0.443242 0.000825393
          96   -0.447224   -0.443283 0.000817803
          97   -0.436679   -0.443215 0.000812187
          98   -0.451806   -0.443303 0.000808623
          99   -0.443818   -0.443308  0.00080043
         100   -0.448809   -0.443363 0.000794292
         101   -0.448508   -0.443414 0.000788037
         102   -0.453292   -0.443511  0.00078626
         103   -0.440254   -0.443479 0.000779231
         104   -0.450362   -0.443545 0.000774535
         105   -0.447953   -0.443587  0.00076827
         106   -0.453148   -0.443678 0.000766314
         107   -0.451822   -0.443754 0.000762925
         108   -0.448494   -0.443798 0.000757101
         109   -0.438031   -0.443745 0.000751986
         110   -0.430803   -0.443627 0.000754351
         111   -0.444606   -0.443636 0.000747576
         112   -0.431347   -0.443526 0.000748952
         113   -0.443655   -0.443527 0.000742295
         114     -0.4475   -0.443562  0.00073658
         115   -0.452529    -0.44364 0.000734298
         116   -0.445449   -0.443656 0.000728108
         117   -0.425208   -0.443498 0.000738877
         118   -0.457316   -0.443615 0.000741888
         119   -0.451542   -0.443682 0.000738638
         120   -0.423509   -0.443514   0.0007515
         121   -0.444267    -0.44352 0.000745289
         122   -0.444207   -0.443526 0.000739176
         123   -0.437068   -0.443473  0.00073502
         124   -0.428274    -0.44335   0.0007393
         125   -0.434156   -0.443277 0.000737041
         126   -0.436918   -0.443226 0.000732908
         127   -0.441443   -0.443212  0.00072725
         128   -0.443723   -0.443216 0.000721557
         129   -0.445974   -0.443238  0.00071626
         130   -0.436222   -0.443184 0.000712776
         131    -0.44893   -0.443228 0.000708673
         132   -0.435331   -0.443168 0.000705823
         133   -0.445247   -0.443183 0.000700671
         134   -0.450156   -0.443236 0.000697366
         135    -0.44052   -0.443215 0.000692473
         136   -0.458988   -0.443331 0.000697078
         137   -0.451539   -0.443391  0.00069456
         138   -0.435641   -0.443335 0.000691792
         139   -0.442536   -0.443329 0.000686821
         140   -0.429273   -0.443229  0.00068925
         141   -0.457366   -0.443329 0.000691649
         142   -0.435728   -0.443276 0.000688844
         143   -0.457899   -0.443378 0.000691612
         144   -0.450361   -0.443426 0.000688502
         145   -0.441521   -0.443413 0.000683864
         146   -0.444155   -0.443418 0.000679183
         147   -0.450973    -0.44347 0.000676501
         148   -0.443405   -0.443469 0.000671915
         149   -0.436451   -0.443422  0.00066905
         150   -0.426125   -0.443307 0.000674506
         151   -0.449947   -0.443351 0.000671465
         152   -0.441425   -0.443338 0.000667153
         153   -0.435599   -0.443288 0.000664706
         154   -0.441241   -0.443274 0.000660509
         155   -0.442119   -0.443267 0.000656276
         156   -0.440689    -0.44325 0.000652265
         157   -0.439385   -0.443226 0.000648565
         158   -0.440492   -0.443208 0.000644679
         159   -0.430496   -0.443128 0.000645582
         160   -0.444945    -0.44314 0.000641635
         161   -0.453794   -0.443206 0.000641062
         162   -0.443477   -0.443208 0.000637095
         163   -0.423661   -0.443088  0.00064443
         164   -0.437249   -0.443052 0.000641477
         165   -0.445914    -0.44307 0.000637814
         166   -0.449647   -0.443109 0.000635197
         167   -0.442338   -0.443105 0.000631399
         168   -0.443567   -0.443107 0.000627635
         169   -0.444284   -0.443114 0.000623949
         170   -0.453431   -0.443175  0.00062323
         171   -0.426887    -0.44308 0.000626853
         172     -0.4282   -0.442993 0.000629174
         173   -0.451908   -0.443045 0.000627646
         174   -0.435982   -0.443004 0.000625347
         175   -0.446652   -0.443025 0.000622112
         176   -0.442352   -0.443021 0.000618579
         177   -0.430094   -0.442948 0.000619396
         178   -0.431834   -0.442886 0.000619063
         179   -0.455228   -0.442955 0.000619444
         180   -0.439412   -0.442935 0.000616308
         181   -0.443564   -0.442938 0.000612903
         182   -0.443369   -0.442941 0.000609531
         183   -0.448394   -0.442971 0.000606923
         184   -0.447691   -0.442996  0.00060416
         185    -0.44304   -0.442996 0.000600886
         186   -0.446499   -0.443015 0.000597943
         187   -0.458717   -0.443099 0.000600635
         188   -0.440345   -0.443085 0.000597611
         189    -0.45158    -0.44313 0.000596138
         190   -0.427358   -0.443047 0.000598773
         191   -0.447155   -0.443068 0.000596019
         192   -0.453786   -0.443124 0.000595528
         193   -0.445826   -0.443138   0.0005926
         194   -0.434122   -0.443091 0.000591366
         195   -0.450361   -0.443129 0.000589506
         196   -0.440835   -0.443117 0.000586607
         197   -0.455456    -0.44318 0.000586974
         198   -0.451295   -0.443221 0.000585438
         199   -0.441464   -0.443212 0.000582556
         200   -0.449883   -0.443245 0.000580594
