-0.405565   0.202993   -0.324996
-0.246111   0.38643   -0.31867
-0.427115   0.369603   -0.150195
-0.238035   0.228446   -0.163837
-0.0745478   0.246242   -0.327721
0.0835632   0.396934   -0.3245
-0.076477   0.380843   -0.162429
0.115772   0.211993   -0.179779
0.272935   0.211955   -0.340809
0.43445   0.364819   -0.335851
0.250613   0.37068   -0.179664
0.414681   0.217897   -0.169654
-0.407446   -0.483441   -0.30488
-0.246111   -0.314267   -0.320093
-0.418306   -0.284348   -0.163861
-0.24046   -0.448927   -0.147685
-0.0787543   -0.432181   -0.323281
0.0923151   -0.282756   -0.295459
-0.0711784   -0.286045   -0.136492
0.0934451   -0.439828   -0.154452
0.259092   -0.451265   -0.328051
0.413878   -0.280994   -0.318008
0.277643   -0.289919   -0.14449
0.416575   -0.455703   -0.149003
-0.412668   -0.119914   -0.344606
-0.21811   0.0679358   -0.325122
-0.404335   0.0631952   -0.154385
-0.242541   -0.108022   -0.147799
-0.0844208   -0.124814   -0.300665
0.104898   0.0615285   -0.348168
-0.0746532   0.0619653   -0.179083
0.0817532   -0.112353   -0.144756
0.261358   -0.104738   -0.318039
0.429009   0.0391981   -0.316659
0.249278   0.0432818   -0.160349
0.434252   -0.124187   -0.170568
-0.404545   0.21404   0.0143484
-0.242308   0.389526   -0.00198537
-0.407926   0.407937   0.189923
-0.241602   0.232666   0.165269
-0.0868646   0.227597   -0.00105752
0.104137   0.377129   -0.0183105
-0.0867111   0.403891   0.172192
0.0865403   0.226185   0.167645
0.264401   0.217436   0.0124693
0.424514   0.381136   0.0178756
0.247555   0.388136   0.193579
0.442306   0.202234   0.176425
-0.422267   -0.451914   0.0202937
-0.240181   -0.274959   0.0102661
-0.414934   -0.28677   0.184603
-0.256902   -0.443087   0.166866
-0.0641984   -0.441468   0.0154869
0.0917988   -0.280108   0.0157534
-0.083563   -0.279282   0.174651
0.0994002   -0.443645   0.173878
0.246515   -0.45562   -0.00268478
0.415443   -0.300477   0.0285722
0.247979   -0.270891   0.172145
0.42095   -0.447837   0.196977
-0.42229   -0.107301   0.0196265
-0.226418   0.0476157   -0.000937628
-0.403304   0.0583275   0.165655
-0.245468   -0.117749   0.186436
-0.0820903   -0.113314   0.0184233
0.0945036   0.0785531   -0.00242521
-0.0726386   0.0684381   0.172877
0.0904382   -0.108069   0.158866
0.279215   -0.110989   0.0126722
0.413772   0.0615268   0.00102356
0.261723   0.0628677   0.18923
0.430939   -0.129709   0.177168
-0.409139   0.23903   0.353294
-0.242764   0.379895   0.337023
-0.40501   0.38021   -0.482722
-0.23012   0.220958   -0.494407
-0.0897271   0.212204   0.338336
0.0795272   0.418399   0.356219
-0.0798674   0.418256   0.499905
0.093918   0.232006   -0.487094
0.255321   0.225884   0.348848
0.419873   0.379155   0.345283
0.252966   0.383536   -0.480716
0.413903   0.208719   0.497311
-0.412424   -0.45534   0.357153
-0.225698   -0.283881   0.354546
-0.423588   -0.29757   -0.471574
-0.256444   -0.452562   -0.49134
-0.0871538   -0.447725   0.331676
0.0826292   -0.286393   0.328691
-0.0768205   -0.276947   -0.490852
0.1035   -0.415138   -0.47333
0.249606   -0.451425   0.360005
0.427251   -0.277083   0.359125
0.255333   -0.264183   -0.482674
0.406325   -0.442859   -0.478431
-0.411433   -0.131002   0.358095
-0.248235   0.0562492   0.341053
-0.404139   0.0570197   -0.487924
-0.240002   -0.115889   -0.488139
-0.0719227   -0.100246   0.330913
0.0993924   0.0466507   0.350841
-0.0722092   0.0595319   0.497914
0.0757671   -0.132428   -0.473563
0.264579   -0.121787   0.321198
0.437956   0.0527752   0.348819
0.266353   0.0422809   0.490727
0.418216   -0.113788   -0.493931
