           1    -7.56464    -7.56464           0
           2    -7.55429    -7.55947   0.0051781
           3    -7.55271    -7.55721  0.00374316
           4    -7.56711    -7.55969  0.00362368
           5    -7.54482    -7.55671  0.00408939
           6    -7.54037    -7.55399  0.00430942
           7     -7.5403    -7.55204  0.00413376
           8    -7.56567    -7.55374  0.00396497
           9    -7.56685     -7.5552  0.00378822
          10    -7.55287    -7.55496   0.0033963
          11    -7.56601    -7.55597  0.00323203
          12     -7.5355    -7.55426  0.00340784
          13    -7.53334    -7.55265  0.00352366
          14    -7.54615    -7.55219  0.00329515
          15    -7.55787    -7.55257  0.00309089
          16    -7.55225    -7.55255  0.00289133
          17    -7.53209    -7.55134  0.00297051
          18    -7.55137    -7.55135  0.00280063
          19    -7.54376    -7.55095  0.00267905
          20    -7.55333    -7.55107  0.00254435
          21    -7.55642    -7.55132  0.00243356
          22    -7.56034    -7.55173  0.00235627
          23    -7.54732    -7.55154  0.00225964
          24    -7.55392    -7.55164  0.00216572
          25    -7.53646    -7.55103  0.00216419
          26    -7.54145    -7.55066  0.00211167
          27    -7.53395    -7.55004  0.00212417
          28    -7.55622    -7.55026  0.00205876
          29    -7.53932    -7.54989  0.00202203
          30    -7.56766    -7.55048  0.00204129
          31    -7.56079    -7.55081  0.00200215
          32    -7.55955    -7.55109  0.00195772
          33    -7.56607    -7.55154  0.00195107
          34    -7.55102    -7.55152  0.00189288
          35    -7.53991    -7.55119  0.00186773
          36    -7.54551    -7.55103  0.00182195
          37    -7.54796    -7.55095  0.00177398
          38    -7.52982    -7.55039  0.00181404
          39    -7.55513    -7.55052  0.00177108
          40    -7.54867    -7.55047  0.00172685
          41     -7.5516     -7.5505  0.00168443
          42    -7.55467     -7.5506  0.00164684
          43      -7.532    -7.55016  0.00166522
          44    -7.56143    -7.55042  0.00164698
          45    -7.54809    -7.55037  0.00161079
          46    -7.55524    -7.55047  0.00157895
          47    -7.55989    -7.55068  0.00155793
          48    -7.53094    -7.55026  0.00157958
          49     -7.5503    -7.55026  0.00154701
          50    -7.53376    -7.54993  0.00155127
          51    -7.56218    -7.55017   0.0015394
          52    -7.53009    -7.54979  0.00155813
          53    -7.55019     -7.5498  0.00152847
          54    -7.53945     -7.5496  0.00151209
          55    -7.55691    -7.54974  0.00149028
          56    -7.54455    -7.54964  0.00146635
          57    -7.55738    -7.54978  0.00144678
          58    -7.55834    -7.54993  0.00142926
          59    -7.55224    -7.54997  0.00140538
          60    -7.55799     -7.5501  0.00138821
          61    -7.53846    -7.54991  0.00137852
          62    -7.56226    -7.55011  0.00137066
          63    -7.53748    -7.54991  0.00136354
          64    -7.55429    -7.54998  0.00134381
          65     -7.5505    -7.54999    0.001323
          66    -7.55891    -7.55012  0.00130979
          67    -7.54385    -7.55003  0.00129349
          68    -7.55306    -7.55007   0.0012751
          69    -7.54928    -7.55006  0.00125654
          70    -7.55304     -7.5501   0.0012392
          71    -7.56599    -7.55033  0.00124194
          72    -7.53677    -7.55014  0.00123896
          73    -7.54675    -7.55009  0.00122276
          74    -7.54577    -7.55003  0.00120753
          75    -7.53894    -7.54989  0.00120047
          76     -7.5432     -7.5498  0.00118784
          77    -7.55038    -7.54981  0.00117233
          78    -7.53522    -7.54962  0.00117222
          79    -7.53672    -7.54945  0.00116874
          80    -7.56004    -7.54959   0.0011616
          81    -7.53046    -7.54935  0.00117121
          82    -7.54493     -7.5493  0.00115809
          83    -7.55896    -7.54941  0.00114996
          84     -7.5421    -7.54933  0.00113951
          85    -7.53916    -7.54921  0.00113236
          86    -7.53137      -7.549  0.00113818
          87    -7.55589    -7.54908  0.00112781
          88    -7.54104    -7.54899  0.00111866
          89    -7.55129    -7.54901  0.00110632
          90    -7.53578    -7.54887   0.0011038
          91    -7.55968    -7.54898  0.00109806
          92     -7.5385    -7.54887  0.00109202
          93    -7.53221    -7.54869  0.00109497
          94    -7.54494    -7.54865  0.00108399
          95    -7.53889    -7.54855  0.00107743
          96    -7.54402     -7.5485  0.00106719
          97    -7.55865    -7.54861   0.0010613
          98    -7.56191    -7.54874  0.00105915
          99    -7.55367    -7.54879  0.00104958
         100    -7.53588    -7.54866  0.00104702
