           1    -7.57153    -7.57153           0
           2    -7.52616    -7.54885   0.0226846
           3    -7.53368    -7.54379   0.0140391
           4    -7.56142     -7.5482   0.0108615
           5    -7.54239    -7.54704  0.00849321
           6    -7.57198    -7.55119  0.00808528
           7    -7.55804    -7.55217  0.00690285
           8    -7.56184    -7.55338  0.00609898
           9    -7.57223    -7.55548  0.00577234
          10    -7.53588    -7.55352  0.00552228
          11    -7.56727    -7.55477  0.00514924
          12    -7.54114    -7.55363  0.00483589
          13    -7.55025    -7.55337  0.00445597
          14    -7.54932    -7.55308  0.00413556
          15    -7.55956    -7.55351  0.00387415
          16    -7.54321    -7.55287  0.00368075
          17    -7.53275    -7.55169  0.00365447
          18    -7.55773    -7.55202  0.00346178
          19     -7.5584    -7.55236  0.00329171
          20    -7.56717     -7.5531  0.00320945
          21    -7.55892    -7.55338  0.00306537
          22     -7.5521    -7.55332  0.00292328
          23    -7.56139    -7.55367  0.00281528
          24    -7.55205     -7.5536  0.00269627
          25    -7.53343    -7.55279  0.00270911
          26    -7.54553    -7.55251  0.00261777
          27    -7.55137    -7.55247  0.00251931
          28    -7.54277    -7.55213  0.00245225
          29    -7.54217    -7.55178  0.00239095
          30    -7.55294    -7.55182   0.0023102
          31    -7.55324    -7.55187   0.0022349
          32    -7.56558     -7.5523  0.00220598
          33    -7.56486    -7.55268   0.0021717
          34    -7.53635     -7.5522  0.00216086
          35    -7.55772    -7.55235  0.00210415
          36    -7.54992    -7.55229  0.00204599
          37    -7.55235    -7.55229  0.00198992
          38    -7.52415    -7.55155  0.00207356
          39    -7.56055    -7.55178  0.00203285
          40    -7.54773    -7.55168  0.00198396
          41     -7.5585    -7.55184  0.00194211
          42    -7.55536    -7.55193  0.00189715
          43    -7.51567    -7.55108  0.00203535
          44    -7.55992    -7.55129  0.00199866
          45    -7.55243    -7.55131  0.00195391
          46    -7.55491    -7.55139  0.00191257
          47    -7.55889    -7.55155  0.00187822
          48    -7.53121    -7.55112  0.00188685
          49    -7.55039    -7.55111    0.001848
          50    -7.52854    -7.55066   0.0018661
          51     -7.5665    -7.55097  0.00185532
          52    -7.52169    -7.55041  0.00190444
          53    -7.54981    -7.55039   0.0018682
          54    -7.53577    -7.55012  0.00185318
          55    -7.55893    -7.55028   0.0018262
          56    -7.52679    -7.54986   0.0018417
          57    -7.55751       -7.55  0.00181407
          58    -7.56505    -7.55026  0.00180131
          59    -7.55143    -7.55028  0.00177062
          60     -7.5478    -7.55024  0.00174135
          61    -7.53097    -7.54992  0.00174145
          62    -7.55368    -7.54998   0.0017142
          63    -7.54645    -7.54993   0.0016877
          64    -7.54967    -7.54992  0.00166112
          65    -7.54351    -7.54982  0.00163834
          66    -7.55494     -7.5499  0.00161519
          67     -7.5383    -7.54973   0.0016003
          68    -7.54507    -7.54966  0.00157808
          69    -7.54908    -7.54965  0.00155506
          70    -7.54893    -7.54964  0.00153272
          71    -7.55073    -7.54966  0.00151106
          72    -7.54415    -7.54958  0.00149188
          73    -7.56122    -7.54974  0.00147991
          74    -7.54271    -7.54964  0.00146286
          75    -7.54483    -7.54958  0.00144465
          76      -7.534    -7.54937  0.00144017
          77     -7.5568    -7.54947  0.00142462
          78    -7.53651     -7.5493  0.00141602
          79    -7.53984    -7.54918   0.0014031
          80    -7.55705    -7.54928  0.00138894
          81    -7.52651      -7.549  0.00140021
          82    -7.54464    -7.54895  0.00138405
          83    -7.54405    -7.54889  0.00136854
          84    -7.55271    -7.54893  0.00135292
          85    -7.53498    -7.54877  0.00134695
          86    -7.53219    -7.54858  0.00134508
          87    -7.54818    -7.54857  0.00132954
          88    -7.55455    -7.54864  0.00131609
          89    -7.54504     -7.5486  0.00130185
          90    -7.55247    -7.54864  0.00128802
          91    -7.55109    -7.54867  0.00127407
          92    -7.53458    -7.54852  0.00126943
          93    -7.55859    -7.54863  0.00126037
          94    -7.54942    -7.54863  0.00124691
          95    -7.54161    -7.54856  0.00123593
          96    -7.55595    -7.54864  0.00122541
          97    -7.55144    -7.54867  0.00121306
          98    -7.55267    -7.54871  0.00120131
          99     -7.5611    -7.54883  0.00119569
         100    -7.53717    -7.54872   0.0011894
