           1     7.46072     7.46072           0
           2     7.70379     7.58226    0.121535
           3     7.66398      7.6095   0.0752704
           4     7.51115     7.58491   0.0586283
           5     7.61009     7.58995   0.0456918
           6     7.45538     7.56752   0.0435295
           7     7.53626     7.56305   0.0370591
           8     7.50521     7.55582   0.0328986
           9     7.45702     7.54485   0.0310213
          10     7.64978     7.55534   0.0296644
          11     7.47917     7.54841   0.0277116
          12     7.62524     7.55482   0.0260947
          13     7.57065     7.55603   0.0240345
          14     7.57945     7.55771   0.0223144
          15     7.52388     7.55545   0.0208956
          16     7.60994     7.55886   0.0198405
          17     7.66457     7.56508   0.0196469
          18     7.53082     7.56317   0.0186208
          19     7.52526     7.56118   0.0177262
          20     7.47977     7.55711   0.0173021
          21     7.52588     7.55562   0.0165246
          22     7.55999     7.55582   0.0157568
          23      7.5105     7.55385   0.0151845
          24     7.55931     7.55408   0.0145399
          25     7.65983     7.55831   0.0145735
          26      7.6005     7.55993   0.0140955
          27     7.57069     7.56033   0.0135693
          28     7.62284     7.56256   0.0132649
          29     7.61802     7.56447   0.0129414
          30     7.55798     7.56426   0.0125045
          31     7.55428     7.56393   0.0120986
          32     7.48751     7.56155   0.0119554
          33     7.49113     7.55941   0.0117823
          34     7.64961     7.56206   0.0117343
          35      7.5343     7.56127   0.0114217
          36     7.57204     7.56157   0.0111039
          37     7.56018     7.56153   0.0107997
          38     7.71817     7.56566   0.0112909
          39     7.51902     7.56446   0.0110624
          40     7.58811     7.56505   0.0107985
          41      7.5265     7.56411   0.0105738
          42     7.54638     7.56369   0.0103276
          43     7.76359     7.56834   0.0111045
          44     7.52142     7.56727   0.0109014
          45     7.55783     7.56706   0.0106585
          46     7.54926     7.56667   0.0104314
          47     7.52585     7.56581   0.0102439
          48     7.68063      7.5682   0.0103096
          49     7.57145     7.56826   0.0100972
          50     7.69392     7.57078   0.0102074
          51     7.48323     7.56906   0.0101515
          52     7.73259     7.57221   0.0104393
          53     7.57294     7.57222   0.0102404
          54     7.65405     7.57373   0.0101626
          55     7.52533     7.57285   0.0100149
          56     7.70372     7.57519   0.0101083
          57     7.53228     7.57444  0.00995786
          58     7.48864     7.57296  0.00989586
          59     7.56497     7.57282  0.00972763
          60     7.58823     7.57308  0.00956757
          61     7.67603     7.57477  0.00955958
          62     7.55181      7.5744  0.00941142
          63     7.59742     7.57476  0.00926804
          64     7.57278     7.57473  0.00912213
          65     7.60919     7.57526  0.00899633
          66      7.5521     7.57491  0.00886592
          67     7.63759     7.57585  0.00878256
          68     7.59953      7.5762  0.00865945
          69     7.57944     7.57624  0.00853315
          70       7.585     7.57637   0.0084113
          71     7.56937     7.57627  0.00829257
          72     7.61185     7.57676   0.0081915
          73      7.5073     7.57581  0.00813437
          74     7.61629     7.57636  0.00804231
          75     7.60283     7.57671   0.0079422
          76     7.66094     7.57782  0.00791498
          77     7.53568     7.57727  0.00783067
          78     7.64688     7.57817  0.00778096
          79     7.62894     7.57881  0.00770868
          80      7.5306     7.57821  0.00763553
          81     7.70322     7.57975  0.00769701
          82     7.60875      7.5801  0.00761078
          83      7.6044      7.5804  0.00752423
          84     7.56083     7.58016  0.00743776
          85     7.65759     7.58107  0.00740597
          86     7.66397     7.58204  0.00738255
          87     7.58622     7.58209  0.00729736
          88     7.55282     7.58175  0.00722162
          89     7.61008     7.58207  0.00714711
          90      7.5639     7.58187  0.00707013
          91     7.56876     7.58172  0.00699349
          92     7.66073     7.58258  0.00697017
          93     7.52689     7.58198  0.00692077
          94     7.58054     7.58197  0.00684677
          95     7.61915     7.58236  0.00678561
          96      7.5392     7.58191  0.00672958
          97     7.56646     7.58175  0.00666175
          98      7.5577     7.58151  0.00659799
          99     7.51221     7.58081   0.0065684
         100     7.64219     7.58142   0.0065313
