           1     7.49636     7.49636           0
           2     7.54521     7.52079   0.0244231
           3     7.56211     7.53456   0.0197121
           4     7.48148     7.52129   0.0192447
           5     7.60073     7.53718   0.0217865
           6     7.63121     7.55285    0.023707
           7     7.62883     7.56371   0.0227873
           8     7.48188     7.55348   0.0222278
           9     7.48377     7.54573   0.0210779
          10     7.55389     7.54655   0.0188703
          11     7.48752     7.54118   0.0178925
          12       7.655     7.55067   0.0188879
          13     7.66447     7.55942   0.0194551
          14     7.59713     7.56211   0.0182122
          15     7.53744     7.56047   0.0170342
          16     7.56178     7.56055   0.0159343
          17     7.67095     7.56704   0.0163158
          18     7.56704     7.56704   0.0153827
          19     7.60184     7.56888   0.0146654
          20     7.55749     7.56831   0.0139244
          21     7.54144     7.56703   0.0133064
          22     7.51307     7.56457   0.0129221
          23     7.58861     7.56562   0.0123916
          24     7.54734     7.56486   0.0118885
          25     7.64818     7.56819   0.0118801
          26     7.62607     7.57042    0.011629
          27     7.66547     7.57394   0.0117308
          28     7.54529     7.57291   0.0113503
          29     7.62975     7.57487   0.0111258
          30     7.48329     7.57182   0.0111737
          31     7.51529        7.57     0.01096
          32     7.52204      7.5685   0.0107173
          33     7.48716     7.56603   0.0106759
          34      7.5693     7.56613   0.0103576
          35     7.62973     7.56795   0.0102202
          36     7.59719     7.56876  0.00996536
          37     7.58635     7.56923  0.00970393
          38     7.68943      7.5724  0.00996069
          39     7.54568     7.57171  0.00972607
          40       7.581     7.57195  0.00948265
          41     7.56708     7.57183  0.00924923
          42      7.5501     7.57131  0.00904113
          43     7.67275     7.57367  0.00913814
          44     7.51258     7.57228  0.00903533
          45     7.58467     7.57256  0.00883655
          46     7.54556     7.57197  0.00866222
          47     7.51821     7.57082  0.00855274
          48     7.68282     7.57316  0.00869169
          49     7.57135     7.57312  0.00851254
          50     7.66469     7.57495  0.00853923
          51     7.50265     7.57353  0.00848932
          52     7.68886     7.57575  0.00861481
          53     7.57126     7.57567  0.00845113
          54     7.63249     7.57672  0.00835963
          55     7.53837     7.57602  0.00823581
          56     7.60499     7.57654  0.00810392
          57     7.53642     7.57584  0.00799154
          58     7.52705     7.57499  0.00789747
          59     7.56332      7.5748  0.00776498
          60     7.52768     7.57401  0.00767474
          61     7.63273     7.57497    0.007609
          62     7.50506     7.57385  0.00756974
          63     7.64627       7.575  0.00753679
          64     7.55073     7.57462  0.00742778
          65     7.56465     7.57446  0.00731422
          66     7.52951     7.57378  0.00723467
          67     7.61055     7.57433  0.00714697
          68     7.55904     7.57411  0.00704467
          69     7.58119     7.57421  0.00694258
          70     7.55888     7.57399  0.00684619
          71     7.48937      7.5728  0.00685351
          72     7.65048     7.57388  0.00684323
          73     7.58996      7.5741  0.00675243
          74     7.59958     7.57444  0.00666945
          75     7.63556     7.57526  0.00663019
          76     7.61342     7.57576  0.00656161
          77     7.57107      7.5757  0.00647612
          78     7.65756     7.57675  0.00647813
          79     7.64708     7.57764  0.00645727
          80     7.51782     7.57689  0.00641974
          81     7.67783     7.57814   0.0064613
          82      7.6046     7.57846  0.00639017
          83     7.52537     7.57782  0.00634504
          84     7.61529     7.57827   0.0062849
          85     7.63197      7.5789  0.00624257
          86     7.67059     7.57996  0.00626101
          87     7.53951      7.5795  0.00620608
          88     7.62619     7.58003  0.00615805
          89     7.57228     7.57994  0.00608909
          90     7.65076     7.58073  0.00607224
          91      7.5258     7.58013   0.0060354
          92       7.629     7.58066  0.00599304
          93     7.67088     7.58163  0.00600709
          94     7.60615     7.58189  0.00594857
          95     7.63509     7.58245   0.0059122
          96     7.60504     7.58268  0.00585502
          97     7.52679     7.58211  0.00582293
          98     7.51063     7.58138  0.00580918
          99     7.55329     7.58109  0.00575719
         100     7.65514     7.58183  0.00574723
