-0.417858   0.0816874   -0.377918
-0.303942   0.276763   0.399444
0.361097   -0.0241708   -0.402872
0.486145   0.121968   0.234891
-0.22257   -0.131788   -0.0502212
-0.123568   0.0517497   0.453061
0.484666   0.0476083   0.290667
-0.406065   -0.289428   -0.487938
0.316793   0.33249   -0.36231
0.325938   -0.456241   0.497578
-0.0308354   -0.0310527   0.320869
0.0237895   -0.162104   -0.286771
-0.23867   -0.293674   0.226314
-0.0634006   0.292658   -0.0269655
0.170642   0.435896   0.353726
-0.0704262   -0.211616   0.331379
0.44341   0.264086   0.35924
0.186607   0.127825   -0.00714777
0.321439   0.367221   0.194696
0.481622   0.175797   -0.265434
-0.334344   -0.0898768   -0.147648
0.103658   0.403201   0.0918877
-0.110015   0.472784   -0.150102
0.132141   -0.243771   0.273561
0.00131815   0.287704   -0.099442
0.4334   0.124653   0.151909
0.412503   0.466681   -0.383575
0.156444   -0.103024   0.270583
0.0640783   0.0144364   0.00802336
0.434028   -0.158331   -0.0352681
-0.0771533   0.185408   0.335527
-0.408454   0.0812772   0.409649
-0.275587   0.455248   0.460085
0.458318   0.424479   -0.0815014
0.0852923   -0.219824   -0.367952
0.195452   -0.0357452   0.4366
-0.158913   -0.420607   0.407383
0.455908   -0.438411   -0.321615
-0.458432   0.340044   -0.0381908
0.371452   -0.458751   0.0111497
0.175851   0.348515   -0.431849
-0.469257   0.31609   -0.337696
-0.480793   -0.046698   0.119623
0.132327   0.329227   0.246325
0.302778   -0.275288   -0.22282
-0.282033   -0.350784   0.032359
-0.146512   -0.0590677   -0.425652
-0.493531   0.103498   -0.210892
-0.0235578   -0.218698   0.0454191
0.220564   -0.162455   -0.00277583
-0.119838   -0.32508   0.300407
0.413664   -0.457036   0.161528
-0.0778679   0.374095   0.263615
0.351768   -0.146147   -0.18572
-0.193547   -0.0280259   0.348875
0.0415703   0.0126896   0.319489
0.357579   0.435514   0.11802
-0.211309   -0.250116   -0.341539
-0.47906   0.429028   -0.245581
-0.190336   -0.468362   -0.431735
-0.292716   -0.419333   -0.11019
-0.357061   -0.00736655   -0.393947
0.172276   0.156765   -0.309274
0.190105   -0.439489   0.134564
0.371232   0.467489   0.21397
-0.341442   -0.231873   0.349728
0.444635   0.381502   0.108821
-0.479817   -0.00157109   0.419799
0.0495914   0.494152   -0.356768
0.0947122   0.110843   -0.130762
0.345948   0.359484   -0.143007
-0.388807   -0.0883276   0.336451
-0.0970784   0.213913   -0.374534
0.306134   -0.370258   -0.475158
0.10085   0.441091   0.260611
0.322747   0.465258   -0.175535
-0.328287   -0.000124413   -0.308986
-0.324471   0.396908   0.136399
-0.264801   0.012006   0.107883
-0.490798   0.139574   -0.108019
0.109278   0.0426871   0.367623
-0.452933   0.0826553   0.337995
-0.391922   0.113215   -0.15144
0.0024684   0.0925314   -0.363041
0.249392   0.271208   0.15506
-0.177247   0.133875   -0.257655
0.332181   -0.341437   0.282076
-0.0783305   0.460142   0.276788
0.159826   0.207563   0.263022
0.324696   -0.129967   0.25027
0.438852   -0.035958   0.458628
0.346094   -0.270495   -0.437207
-0.300987   0.209895   -0.229635
-0.404981   -0.0355805   0.399546
-0.0690125   0.356955   -0.422288
0.224249   0.329324   0.387383
0.301853   -0.436221   -0.347293
0.322986   -0.424443   0.249962
0.110721   -0.399668   0.457315
0.268182   0.381425   0.0972514
-0.3418   0.339687   0.315195
0.235109   -0.106835   -0.219728
0.181562   -0.102881   0.343218
0.2663   -0.0292647   0.0837688
0.25508   -0.174974   0.219594
0.129314   0.375732   0.48369
0.180281   -0.00727912   -0.22372
0.239706   -0.231634   -0.110494
