           1   0.0490848   0.0490848           0
           2   0.0484759   0.0487803 0.000304459
           3   0.0493019   0.0489542 0.000247241
           4   0.0493543   0.0490542 0.000201423
           5   0.0486204   0.0489675 0.000178522
           6   0.0494475   0.0490475 0.000166279
           7   0.0491574   0.0490632 0.000141406
           8   0.0488172   0.0490324 0.000126263
           9   0.0491594   0.0490465 0.000112244
          10    0.049644   0.0491063 0.000116828
          11   0.0490305   0.0490994 0.000105899
          12   0.0487189   0.0490677 0.000101739
          13   0.0494004   0.0490933  9.7022e-05
          14   0.0490914   0.0490931  8.9825e-05
          15   0.0491568   0.0490974 8.37302e-05
          16   0.0485947    0.049066 8.43899e-05
          17   0.0494954   0.0490912  8.3199e-05
          18   0.0490845   0.0490909 7.84416e-05
          19   0.0492067   0.0490969 7.44483e-05
          20   0.0487824   0.0490812  7.2358e-05
          21   0.0482893   0.0490435 7.84802e-05
          22   0.0492486   0.0490528 7.54061e-05
          23   0.0493618   0.0490663 7.32942e-05
          24    0.049081   0.0490669 7.01766e-05
          25   0.0487808   0.0490554 6.82768e-05
          26   0.0491011   0.0490572 6.56217e-05
          27   0.0487836   0.0490471 6.39526e-05
          28   0.0496078   0.0490671 6.47988e-05
          29   0.0492816   0.0490745 6.29605e-05
          30   0.0490214   0.0490727 6.08513e-05
          31   0.0493031   0.0490801 5.93229e-05
          32   0.0483559   0.0490575 6.17368e-05
          33   0.0493685   0.0490669 6.05742e-05
          34   0.0495926   0.0490824 6.07657e-05
          35    0.049379   0.0490909 5.96093e-05
          36   0.0500923   0.0491187 6.42627e-05
          37   0.0489471   0.0491141 6.26734e-05
          38   0.0489181   0.0491089 6.12194e-05
          39   0.0490301   0.0491069 5.96633e-05
          40   0.0491048   0.0491068 5.81526e-05
          41   0.0485768   0.0490939 5.81712e-05
          42   0.0493184   0.0490992 5.70205e-05
          43   0.0486851   0.0490896 5.65053e-05
          44   0.0491016   0.0490899 5.52068e-05
          45    0.048714   0.0490815 5.46086e-05
          46   0.0490539   0.0490809 5.34116e-05
          47   0.0491674   0.0490828 5.22953e-05
          48    0.048827   0.0490774 5.14708e-05
          49   0.0485101   0.0490659 5.17221e-05
          50   0.0491754   0.0490681 5.07244e-05
          51   0.0482349   0.0490517 5.23351e-05
          52   0.0491679   0.0490539 5.13674e-05
          53   0.0491255   0.0490553 5.04069e-05
          54   0.0493364   0.0490605 4.97378e-05
          55   0.0498953   0.0490757 5.11301e-05
          56   0.0494591   0.0490825 5.06734e-05
          57   0.0493825   0.0490878 5.00538e-05
          58   0.0492354   0.0490903  4.9249e-05
          59   0.0492023   0.0490922 4.84443e-05
          60   0.0489256   0.0490895 4.77109e-05
          61   0.0485301   0.0490803   4.781e-05
          62   0.0491543   0.0490815 4.70477e-05
          63   0.0491454   0.0490825  4.6306e-05
          64   0.0495012    0.049089 4.60438e-05
          65   0.0492338   0.0490913 4.53846e-05
          66   0.0490161   0.0490901 4.47062e-05
          67   0.0489641   0.0490882  4.4074e-05
          68   0.0495839   0.0490955 4.40285e-05
          69    0.049188   0.0490969 4.34064e-05
          70   0.0492676   0.0490993 4.28513e-05
          71   0.0493799   0.0491033 4.24279e-05
          72   0.0491623   0.0491041 4.18425e-05
          73   0.0485451   0.0490964 4.19699e-05
          74   0.0492787   0.0490989  4.1472e-05
          75   0.0492215   0.0491005  4.0948e-05
          76   0.0496329   0.0491075 4.10084e-05
          77   0.0490998   0.0491074 4.04724e-05
          78   0.0492633   0.0491094 4.00002e-05
          79    0.049054   0.0491087 3.94968e-05
          80    0.049001   0.0491074 3.90232e-05
          81   0.0490926   0.0491072 3.85389e-05
          82    0.048821   0.0491037 3.82257e-05
          83   0.0489132   0.0491014  3.7832e-05
          84   0.0483446   0.0490924 3.84494e-05
          85    0.048846   0.0490895 3.81047e-05
          86   0.0492136    0.049091 3.76867e-05
          87   0.0491212   0.0490913 3.72526e-05
          88   0.0486197   0.0490859 3.72147e-05
          89   0.0492435   0.0490877 3.68368e-05
          90   0.0489795   0.0490865  3.6445e-05
          91   0.0486682   0.0490819 3.63342e-05
          92   0.0487068   0.0490778 3.61676e-05
          93   0.0487636   0.0490745 3.59358e-05
          94   0.0486599     0.04907  3.5824e-05
          95   0.0490648     0.04907 3.54449e-05
          96   0.0487227   0.0490664 3.52599e-05
          97   0.0487582   0.0490632 3.50388e-05
          98   0.0495004   0.0490677 3.49652e-05
          99   0.0491957   0.0490689 3.46344e-05
         100   0.0498773    0.049077 3.52263e-05
