           1   -0.414594   -0.414594           0
           2   -0.416871   -0.415733  0.00113857
           3   -0.415447   -0.415638  0.00066421
           4    -0.42079   -0.416926  0.00137097
           5   -0.415789   -0.416698    0.001086
           6   -0.413185   -0.416113  0.00106266
           7   -0.414744   -0.415917 0.000919154
           8   -0.418342    -0.41622 0.000851764
           9   -0.413305   -0.415896 0.000818059
          10   -0.412169   -0.415524 0.000821179
          11   -0.415683   -0.415538 0.000742926
          12   -0.419929   -0.415904 0.000770606
          13   -0.409575   -0.415417 0.000859956
          14   -0.422193   -0.415901  0.00093175
          15   -0.406681   -0.415286  0.00106313
          16   -0.415998   -0.415331 0.000995462
          17   -0.408607   -0.414935  0.00101528
          18   -0.417421   -0.415073 0.000967116
          19   -0.414705   -0.415054 0.000915006
          20    -0.41463   -0.415033  0.00086831
          21    -0.42014   -0.415276 0.000860986
          22   -0.412988   -0.415172 0.000827482
          23   -0.412596    -0.41506 0.000798581
          24   -0.415306    -0.41507 0.000764652
          25   -0.411132   -0.414913 0.000750156
          26   -0.412476   -0.414819 0.000726794
          27   -0.417849   -0.414931 0.000708306
          28   -0.414548   -0.414918 0.000682678
          29   -0.416598   -0.414975 0.000661261
          30   -0.415867   -0.415005  0.00063953
          31   -0.417235   -0.415077 0.000622722
          32   -0.412511   -0.414997 0.000608256
          33   -0.422618   -0.415228 0.000633156
          34   -0.404597   -0.414915  0.00068925
          35   -0.413515   -0.414875 0.000670461
          36   -0.414073   -0.414853 0.000651952
          37   -0.413827   -0.414825 0.000634692
          38   -0.416418   -0.414867 0.000619184
          39   -0.410852   -0.414764 0.000611821
          40   -0.411194   -0.414675 0.000602973
          41   -0.415784   -0.414702 0.000588705
          42   -0.420268   -0.414834 0.000589602
          43   -0.412104   -0.414771 0.000579218
          44   -0.415853   -0.414796 0.000566435
          45   -0.416641   -0.414837 0.000555221
          46   -0.416495   -0.414873 0.000544211
          47    -0.41713   -0.414921 0.000534668
          48   -0.412725   -0.414875 0.000525406
          49   -0.408067   -0.414736 0.000532996
          50   -0.413624   -0.414714 0.000522701
          51   -0.414622   -0.414712 0.000512353
          52   -0.409666   -0.414615 0.000511687
          53   -0.413106   -0.414586 0.000502747
          54    -0.41433   -0.414582 0.000493372
          55   -0.413462   -0.414561 0.000484746
          56    -0.41241   -0.414523 0.000477558
          57    -0.40593   -0.414372 0.000492736
          58   -0.418473   -0.414443   0.0004893
          59   -0.411528   -0.414393 0.000483467
          60   -0.413799   -0.414384 0.000475444
          61   -0.412704   -0.414356 0.000468394
          62   -0.413694   -0.414345 0.000460901
          63   -0.411524   -0.414301 0.000455733
          64   -0.412383   -0.414271 0.000449555
          65   -0.412252    -0.41424 0.000443673
          66   -0.414156   -0.414238 0.000436901
          67   -0.410793   -0.414187 0.000433392
          68    -0.41409   -0.414185 0.000426974
          69    -0.41216   -0.414156 0.000421763
          70   -0.412561   -0.414133 0.000416318
          71   -0.410872   -0.414087 0.000412976
          72   -0.418299   -0.414146 0.000411379
          73   -0.420804   -0.414237 0.000415829
          74   -0.412837   -0.414218 0.000410608
          75   -0.407647    -0.41413 0.000414463
          76   -0.417856    -0.41418 0.000411901
          77   -0.409559   -0.414119 0.000410922
          78   -0.410416   -0.414072 0.000408388
          79   -0.417776   -0.414119 0.000405903
          80   -0.408841   -0.414053 0.000406191
          81    -0.41107   -0.414016 0.000402831
          82   -0.415329   -0.414032 0.000398211
          83   -0.410615   -0.413991 0.000395532
          84    -0.42019   -0.414065 0.000397701
          85   -0.416201    -0.41409 0.000393797
          86   -0.410023   -0.414043 0.000392054
          87   -0.411986   -0.414019 0.000388242
          88   -0.411211   -0.413987 0.000385129
          89   -0.413241   -0.413979 0.000380869
          90   -0.412181   -0.413959 0.000377143
          91   -0.417128   -0.413994 0.000374598
          92   -0.415333   -0.414008  0.00037079
          93   -0.419909   -0.414072  0.00037223
          94   -0.413429   -0.414065 0.000368312
          95   -0.417078   -0.414096 0.000365792
          96   -0.423469   -0.414194 0.000374899
          97   -0.419378   -0.414247 0.000374844
          98   -0.412123   -0.414226 0.000371632
          99   -0.414046   -0.414224 0.000367863
         100   -0.411134   -0.414193 0.000365474
