           0           0           0
    0.064633           0           0
    0.129266           0           0
    0.193899           0           0
    0.258532           0           0
    0.323165           0           0
    0.387798           0           0
    0.452431           0           0
    0.517064           0           0
    0.581697           0           0
     0.64633           0           0
    0.710963           0           0
    0.775596           0           0
     0.84023  0.00103572 8.50313e-05
    0.904863     0.14749  0.00101396
    0.969496      1.0651  0.00364778
     1.03413     2.05427  0.00483733
     1.09876     2.26365  0.00557976
     1.16339     2.08602  0.00498923
     1.22803     1.83604  0.00361547
     1.29266      1.6109  0.00350435
     1.35729     1.44718  0.00307917
     1.42193     1.33499   0.0031411
     1.48656     1.25304  0.00221431
     1.55119     1.18316  0.00235628
     1.61583     1.14584  0.00220017
     1.68046     1.11068  0.00198983
     1.74509     1.08775  0.00173321
     1.80973     1.07533  0.00186768
     1.87436     1.06418  0.00192316
     1.93899     1.05824   0.0017978
     2.00362     1.05599   0.0016942
     2.06826     1.05477  0.00156688
     2.13289     1.05199  0.00152526
     2.19752     1.04746   0.0014311
     2.26216     1.04209   0.0012924
     2.32679     1.03781  0.00156191
     2.39142     1.02954  0.00141917
     2.45606     1.02607  0.00115675
     2.52069     1.02175  0.00121874
     2.58532     1.01501  0.00117353
     2.64995      1.0123  0.00126762
     2.71459     1.01043 0.000978456
     2.77922     1.00896  0.00124851
     2.84385     1.00637  0.00102265
     2.90849      1.0018  0.00106815
     2.97312     1.00088   0.0012173
     3.03775     1.00238  0.00103258
     3.10239    0.999172  0.00106992
     3.16702     0.99863 0.000988332
     3.23165    0.997195 0.000987992
     3.29629     0.99508 0.000845837
     3.36092      0.9944 0.000835827
     3.42555    0.993602 0.000939637
     3.49018    0.993206 0.000833498
     3.55482    0.992754 0.000781106
     3.61945    0.991484  0.00084972
     3.68408    0.991772 0.000783931
     3.74872    0.990973 0.000876736
     3.81335    0.990521 0.000789247
     3.87798     0.98933 0.000749699
     3.94262     0.98951 0.000787657
     4.00725    0.990121 0.000803966
     4.07188    0.988677 0.000699595
     4.13651     0.98935 0.000658809
     4.20115    0.988041 0.000655783
     4.26578    0.988552 0.000624098
     4.33041    0.987645 0.000606458
     4.39505     0.98757 0.000720043
     4.45968    0.987113 0.000696316
     4.52431    0.986178  0.00070591
     4.58895    0.987788 0.000677941
     4.65358    0.987173 0.000692385
     4.71821    0.986321 0.000587555
     4.78285    0.986798 0.000576939
     4.84748    0.986591 0.000631922
     4.91211    0.986889 0.000642534
     4.97674    0.986378 0.000704664
     5.04138    0.985745  0.00054628
     5.10601    0.986233 0.000521098
     5.17064    0.985629 0.000488156
     5.23528    0.986803 0.000553004
     5.29991    0.986846  0.00054511
     5.36454    0.986054 0.000515157
     5.42918    0.986177 0.000515442
     5.49381    0.985763 0.000586854
     5.55844    0.985863 0.000498889
     5.62307    0.986339 0.000553767
     5.68771    0.984864  0.00050996
     5.75234    0.985698 0.000486533
     5.81697    0.985632 0.000436578
     5.88161    0.984557 0.000419188
     5.94624    0.986059 0.000435508
     6.01087    0.985374 0.000513571
     6.07551    0.985004 0.000450279
     6.14014    0.985504 0.000449702
     6.20477    0.985925 0.000554493
      6.2694    0.985643 0.000508392
     6.33404     0.98659 0.000392369
     6.39867    0.986244 0.000413356
