           1    0.436075    0.436075           0
           2    0.332022    0.384049   0.0520265
           3    0.221385    0.329827   0.0619853
           4    0.393499    0.345745   0.0466312
           5    0.285548    0.333706    0.038074
           6     0.25789     0.32107   0.0335572
           7    0.198108    0.303504   0.0333603
           8    0.318739    0.305408   0.0289536
           9    0.130061    0.285925   0.0321187
          10    0.255229    0.282856   0.0288913
          11    0.186715    0.274116    0.027556
          12    0.227297    0.270214   0.0254558
          13    0.197352    0.264609   0.0240774
          14    0.379677    0.272828   0.0237583
          15    0.212284    0.268792   0.0224831
          16    0.135466    0.260459   0.0226217
          17    0.227495     0.25852   0.0213376
          18    0.381464     0.26535   0.0212452
          19    0.368283    0.270768   0.0208134
          20    0.341283    0.274294   0.0200576
          21    0.291825    0.275129   0.0190968
          22    0.229562    0.273057   0.0183255
          23    0.269939    0.272922   0.0175112
          24    0.385945    0.277631   0.0174145
          25    0.174692    0.273513   0.0172035
          26    0.134388    0.268162   0.0173731
          27    0.235318    0.266946   0.0167615
          28    0.245449    0.266178     0.01617
          29    0.311426    0.267739   0.0156803
          30    0.303726    0.268938    0.015196
          31    0.265276     0.26882   0.0146981
          32    0.261163    0.268581   0.0142334
          33    0.301687    0.269584   0.0138318
          34   0.0811902    0.264043   0.0145178
          35    0.351842    0.266551   0.0143184
          36    0.222015    0.265314   0.0139699
          37   0.0713744    0.260073   0.0145631
          38    0.367124     0.26289   0.0144519
          39     0.29584    0.263735   0.0141018
          40    0.234439    0.263002   0.0137642
          41    0.415828     0.26673   0.0139322
          42    0.245379    0.266221   0.0136059
          43    0.178348    0.264178    0.013442
          44     0.25562    0.263983   0.0131344
          45    0.260886    0.263915   0.0128394
          46    0.260207    0.263834   0.0125574
          47    0.235881    0.263239   0.0123017
          48    0.129615    0.260455   0.0123603
          49    0.265836    0.260565   0.0121059
          50    0.126529    0.257884   0.0121605
          51    0.240181    0.257537   0.0119247
          52    0.252703    0.257444   0.0116935
          53    0.199071    0.256343   0.0115235
          54    0.288865    0.256945   0.0113241
          55   0.0932714    0.253969   0.0115077
          56    0.254606    0.253981   0.0113004
          57    0.280791    0.254451   0.0111103
          58    0.236838    0.254147   0.0109213
          59     0.54133    0.259015   0.0117866
          60    0.302498     0.25974   0.0116111
          61    0.274988     0.25999   0.0114219
          62    0.159876    0.258375   0.0113516
          63    0.187942    0.257257   0.0112258
          64    0.314629    0.258153   0.0110853
          65    0.173811    0.256856   0.0109903
          66    0.272719    0.257096   0.0108252
          67    0.279733    0.257434   0.0106677
          68    0.438697      0.2601   0.0108425
          69     0.28721    0.260492   0.0106914
          70    0.189854    0.259483   0.0105858
          71    0.492913    0.262771   0.0109413
          72    0.468592     0.26563   0.0111605
          73    0.278834    0.265811   0.0110081
          74    0.383454      0.2674   0.0109741
          75    0.336295    0.268319   0.0108657
          76     0.18501    0.267223   0.0107776
          77    0.185883    0.266166   0.0106891
          78    0.316092    0.266806   0.0105705
          79    0.395118    0.268431   0.0105615
          80    0.132738    0.266735   0.0105657
          81     0.18908    0.265776   0.0104784
          82    0.403961    0.267461   0.0104861
          83    0.144775    0.265983   0.0104639
          84    0.176721     0.26492   0.0103931
          85    0.172642    0.263835   0.0103273
          86   0.0850638    0.261756    0.010416
          87    0.401017    0.263357   0.0104193
          88    0.375462    0.264631   0.0103787
          89    0.422641    0.266406   0.0104139
          90    0.337349    0.267194   0.0103276
          91   0.0795146    0.265132   0.0104197
          92    0.142083    0.263794   0.0103922
          93    0.256328    0.263714   0.0102802
          94    0.204119     0.26308     0.01019
          95    0.425468    0.264789    0.010226
          96    0.339574    0.265568   0.0101489
          97    0.327569    0.266208    0.010064
          98    0.082319    0.264331    0.010136
          99    0.185149    0.263531   0.0100649
         100    0.199357     0.26289   0.0099844
         101     0.10266    0.261303   0.0100115
         102    0.246959    0.261163   0.0099139
         103    0.437768    0.262877  0.00996579
         104    0.190855    0.262185  0.00989376
         105    0.243744    0.262009  0.00980066
         106   0.0874731    0.260362  0.00984641
         107    0.403995    0.261705  0.00984589
         108    0.218746    0.261307   0.0097624
         109    0.084626    0.259686   0.0098073
         110     0.22188    0.259342  0.00972381
         111    0.211205    0.258909  0.00964557
         112    0.265897    0.258971  0.00955926
         113   0.0962296    0.257531  0.00958313
         114    0.225428    0.257249  0.00950286
         115    0.226316     0.25698  0.00942371
         116     0.26416    0.257042  0.00934232
         117    0.337038    0.257726  0.00928733
         118    0.413789    0.259049  0.00930278
         119    0.240004    0.258888  0.00922566
         120    0.187951    0.258297  0.00916754
         121    0.331856    0.258905  0.00911176
         122    0.312652    0.259346   0.0090475
         123    0.393086    0.260433  0.00903928
         124    0.363708    0.261266  0.00900468
         125    0.181125    0.260625  0.00895533
         126    0.353772    0.261364  0.00891468
         127    0.279565    0.261507  0.00884537
         128    0.206814     0.26108  0.00878639
         129    0.118469    0.259975  0.00878782
         130    0.416331    0.261177  0.00880252
         131    0.274563     0.26128  0.00873566
         132     0.14221    0.260378  0.00871603
         133    0.264755     0.26041  0.00865031
         134    0.333239    0.260954   0.0086027
         135    0.319835     0.26139  0.00854987
         136    0.139856    0.260496  0.00853369
         137    0.205214    0.260093  0.00848078
         138    0.165307    0.259406  0.00844707
         139    0.155423    0.258658  0.00841938
         140     0.16432    0.257984  0.00838614
         141    0.439418    0.259271  0.00842529
         142    0.394201    0.260221  0.00841954
         143    0.322521    0.260657   0.0083718
         144    0.120981    0.259687  0.00836985
         145    0.319075    0.260096  0.00832201
         146    0.314906    0.260472  0.00827334
         147    0.444406    0.261723  0.00831159
         148    0.114875    0.260731  0.00831465
         149   0.0966892     0.25963  0.00833172
         150   0.0706162     0.25837  0.00837137
         151    0.362846    0.259062  0.00834448
         152    0.240503     0.25894   0.0082903
         153    0.291516    0.259153  0.00823869
         154    0.196556    0.258746   0.0081951
         155    0.150467    0.258047  0.00817197
         156    0.110204      0.2571  0.00817454
         157     0.25706    0.257099  0.00812231
         158    0.174434    0.256576  0.00808768
         159    0.176069     0.25607  0.00805258
         160    0.108063    0.255145  0.00805539
         161    0.375943    0.255895  0.00804028
         162    0.345767     0.25645  0.00800973
         163    0.161289    0.255866  0.00798182
         164    0.353688    0.256463  0.00795539
         165    0.218323    0.256231  0.00791041
         166    0.251287    0.256202  0.00786267
         167    0.187497     0.25579  0.00782627
         168   0.0824137    0.254758  0.00784769
         169    0.152536    0.254153  0.00782453
         170    0.405402    0.255043  0.00782909
         171    0.290467     0.25525  0.00778593
         172    0.233857    0.255126  0.00774153
         173    0.146824      0.2545  0.00772206
         174     0.25387    0.254496  0.00767756
         175    0.351348     0.25505   0.0076536
         176    0.262347    0.255091   0.0076101
         177    0.436557    0.256116  0.00763612
         178    0.376295    0.256792  0.00762306
         179    0.100064    0.255916  0.00763075
         180    0.394068    0.256684  0.00762695
         181    0.131283    0.255991  0.00761627
         182    0.349081    0.256502  0.00759156
         183     0.24551    0.256442   0.0075502
         184    0.155084    0.255891  0.00752924
         185    0.433305     0.25685  0.00754958
         186    0.113141    0.256078  0.00754853
         187   0.0725704    0.255096  0.00757191
         188    0.334615    0.255519   0.0075434
         189    0.153076    0.254977  0.00752293
         190    0.116984    0.254251  0.00751839
         191    0.122175    0.253559  0.00751083
         192    0.453023    0.254598  0.00754348
         193    0.336675    0.255024  0.00751634
         194    0.302084    0.255266  0.00748142
         195    0.228813    0.255131   0.0074442
         196    0.309659    0.255409  0.00741134
         197     0.13853    0.254815  0.00739745
         198    0.114113    0.254105  0.00739422
         199    0.296982     0.25432  0.00736013
         200    0.199384    0.254046  0.00732839
