           1    0.860936    0.860936           0
           2    0.883704     0.87232    0.011384
           3    0.942736    0.895792   0.0243748
           4    0.831368    0.879686   0.0235896
           5    0.930104     0.88977   0.0208701
           6    0.932856    0.896951   0.0184917
           7      0.9558    0.905358   0.0177461
           8    0.893272    0.903847   0.0154426
           9     0.97204    0.911424    0.015585
          10    0.918328    0.912114   0.0139567
          11    0.964464    0.916873   0.0134915
          12    0.941552     0.91893   0.0124866
          13    0.963712    0.922375   0.0119914
          14    0.847464    0.917024   0.0123241
          15    0.968944    0.920485   0.0119838
          16     0.97996    0.924203   0.0118101
          17    0.961296    0.926384   0.0113062
          18    0.817544    0.920338   0.0122552
          19    0.898096    0.919167   0.0116512
          20    0.899864    0.918202   0.0110953
          21    0.933232    0.918918    0.010578
          22    0.939464    0.919852   0.0101289
          23    0.908536     0.91936  0.00969099
          24    0.683088    0.909515    0.013528
          25    0.961192    0.911582   0.0131392
          26     0.97776    0.914127   0.0128778
          27    0.938528    0.915031   0.0124246
          28    0.926088    0.915426   0.0119791
          29    0.904952    0.915065   0.0115643
          30    0.924264    0.915371   0.0111764
          31    0.930968    0.915875   0.0108215
          32    0.175344    0.892733   0.0254031
          33     0.86444    0.891876   0.0246362
          34    0.990896    0.894788   0.0240774
          35    0.892008    0.894709   0.0233795
          36     0.95628    0.896419   0.0227851
          37    0.991304    0.898983   0.0223086
          38    0.868096    0.898171   0.0217288
          39    0.924416    0.898843    0.021175
          40    0.925032    0.899498   0.0206493
          41    0.787072    0.896756   0.0203251
          42    0.941384    0.897819   0.0198638
          43    0.957584    0.899209    0.019446
          44    0.910168    0.899458   0.0190006
          45    0.946056    0.900493   0.0186024
          46    0.935944    0.901264   0.0182098
          47     0.93304     0.90194    0.017831
          48     0.98352     0.90364   0.0175381
          49     0.92024    0.903978   0.0171798
          50    0.984976    0.905598   0.0169105
          51    0.937048    0.906215    0.016587
          52    0.931976     0.90671   0.0162725
          53    0.948264    0.907494   0.0159817
          54     0.88856    0.907144   0.0156869
          55     0.98596    0.908577   0.0154656
          56     0.93704    0.909085   0.0151954
          57    0.914432    0.909179   0.0149267
          58    0.954656    0.909963    0.014688
          59    0.682712    0.906111   0.0149419
          60    0.910664    0.906187    0.014691
          61    0.931248    0.906598    0.014454
          62    0.972936    0.907668   0.0142591
          63    0.956848    0.908449   0.0140527
          64    0.926296    0.908727   0.0138342
          65    0.956232    0.909458   0.0136393
          66    0.934296    0.909835   0.0134363
          67    0.916648    0.909936   0.0132346
          68     0.79752    0.908283   0.0131429
          69    0.917048     0.90841   0.0129517
          70    0.956144    0.909092   0.0127835
          71    0.643464    0.905351   0.0131458
          72    0.651104     0.90182   0.0134343
          73    0.933384    0.902252   0.0132561
          74    0.915992    0.902438    0.013077
          75    0.749176    0.900394   0.0130623
          76    0.963512    0.901225    0.012916
          77    0.953576    0.901905   0.0127653
          78    0.840192    0.901113   0.0126254
          79    0.842984    0.900378   0.0124863
          80     0.97888    0.901359   0.0123682
          81    0.961272    0.902098   0.0122369
          82    0.860176    0.901587   0.0120976
          83    0.971616    0.902431   0.0119807
          84    0.940304    0.902882   0.0118458
          85     0.96408    0.903602   0.0117277
          86    0.990296     0.90461   0.0116343
          87    0.806248    0.903479   0.0115552
          88    0.899048    0.903429   0.0114233
          89    0.806848    0.902344   0.0113462
          90    0.940664     0.90277   0.0112275
          91    0.990384    0.903732   0.0111451
          92    0.969048    0.904442   0.0110461
          93    0.932048    0.904739   0.0109307
          94    0.960152    0.905329   0.0108299
          95     0.81476    0.904375   0.0107576
          96    0.683936    0.902079   0.0108898
          97    0.885144    0.901904   0.0107784
          98    0.986664    0.902769   0.0107028
          99    0.972616    0.903475   0.0106176
         100    0.954648    0.903987   0.0105234
         101    0.983016    0.904769    0.010448
         102    0.916824    0.904887   0.0103457
         103    0.760224    0.903483   0.0103406
         104    0.941568    0.903849   0.0102472
         105    0.957896    0.904364   0.0101622
         106    0.988928    0.905161   0.0100975
         107    0.003304    0.896733   0.0130803
         108    0.913432    0.896887   0.0129595
         109    0.990272    0.897744   0.0128686
         110    0.948768    0.898208   0.0127595
         111     0.95888    0.898755   0.0126559
         112    0.943472    0.899154   0.0125487
         113    0.980264    0.899872   0.0124579
         114    0.942232    0.900243   0.0123537
         115    0.965088    0.900807   0.0122588
         116    0.895056    0.900758   0.0121527
         117     0.85532    0.900369   0.0120547
         118    0.914784    0.900491   0.0119527
         119    0.932816    0.900763    0.011855
         120     0.94536    0.901135   0.0117616
         121    0.899224    0.901119    0.011664
         122     0.71848    0.899622   0.0116645
         123    0.754528    0.898442   0.0116293
         124    0.877832    0.898276   0.0115363
         125     0.94692    0.898665   0.0114502
         126    0.855632    0.898324   0.0113641
         127    0.913328    0.898442   0.0112749
         128    0.952952    0.898868   0.0111946
         129    0.980176    0.899498   0.0111253
         130    0.835328    0.899004   0.0110505
         131    0.898712    0.899002   0.0109658
         132    0.976112    0.899586   0.0108981
         133    0.586816    0.897235   0.0110685
         134    0.246248    0.892376   0.0120118
         135    0.904952     0.89247   0.0119229
         136      0.9768     0.89309   0.0118511
         137    0.934376    0.893391   0.0117682
         138    0.972928    0.893967   0.0116968
         139    0.971568    0.894526   0.0116258
         140    0.965968    0.895036   0.0115537
         141    0.863448    0.894812   0.0114736
         142    0.424328    0.891499   0.0118646
         143     0.85776    0.891263   0.0117837
         144    0.980656    0.891884    0.011718
         145    0.717712    0.890682   0.0116988
         146    0.451448    0.887674   0.0120015
         147    0.556336     0.88542   0.0121309
         148    0.981256    0.886067    0.012066
         149     0.98712    0.886746   0.0120039
         150    0.993616    0.887458   0.0119449
         151    0.844824    0.887176   0.0118689
         152     0.95204    0.887603   0.0117983
         153    0.903648    0.887707   0.0117214
         154    0.922048     0.88793   0.0116471
         155    0.965144    0.888429   0.0115825
         156     0.98632    0.889056   0.0115251
         157    0.941872    0.889392   0.0114564
         158    0.968616    0.889894   0.0113947
         159     0.96056    0.890338   0.0113315
         160    0.980416    0.890901   0.0112745
         161    0.862824    0.890727   0.0112056
         162     0.87988     0.89066   0.0111364
         163    0.965888    0.891121   0.0110775
         164    0.875944    0.891029   0.0110102
         165    0.956448    0.891425   0.0109504
         166    0.944656    0.891746    0.010889
         167    0.956328    0.892133   0.0108305
         168    0.990872    0.892721   0.0107818
         169    0.969992    0.893178   0.0107276
         170     0.41512    0.890366   0.0110289
         171    0.909928     0.89048   0.0109648
         172    0.937104    0.890751   0.0109042
         173    0.974072    0.891233   0.0108517
         174    0.945752    0.891546   0.0107937
         175    0.842144    0.891264   0.0107355
         176    0.916832    0.891409   0.0106754
         177     0.86892    0.891282   0.0106156
         178    0.817208    0.890866    0.010564
         179     0.98944    0.891417   0.0105193
         180    0.828624    0.891068   0.0104665
         181    0.971424    0.891512    0.010418
         182    0.860152    0.891339    0.010362
         183    0.951904     0.89167   0.0103105
         184    0.970552    0.892099   0.0102633
         185    0.834328    0.891787   0.0102124
         186    0.979184    0.892257   0.0101682
         187     0.99352    0.892798   0.0101282
         188    0.871968    0.892687   0.0100748
         189    0.965968    0.893075   0.0100289
         190    0.978704    0.893526  0.00998611
         191    0.978656    0.893971  0.00994368
         192    0.815448    0.893562   0.0099002
         193     0.79492    0.893051  0.00986203
         194      0.9478    0.893334  0.00981512
         195    0.934512    0.893545  0.00976694
         196     0.45884    0.891327  0.00996688
         197    0.982144    0.891788  0.00992687
         198     0.98324     0.89225   0.0098874
         199    0.878784    0.892182  0.00983782
         200    0.961392    0.892528  0.00979462
