           1   -0.995987   -0.995987           0
           2   -0.999178   -0.997582  0.00159568
           3    -1.00596    -1.00037  0.00294017
           4   -0.990467   -0.997898  0.00323369
           5    -1.00188   -0.998695  0.00262851
           6    -1.00317    -0.99944  0.00227205
           7    -1.00748    -1.00059  0.00223779
           8   -0.998457    -1.00032  0.00195622
           9    -1.01184     -1.0016  0.00214807
          10    -1.00365    -1.00181  0.00193213
          11    -1.01017    -1.00257  0.00190585
          12    -1.00574    -1.00283  0.00175981
          13     -1.0074    -1.00318  0.00165653
          14   -0.996053    -1.00267    0.001616
          15    -1.00843    -1.00306  0.00155266
          16    -1.01195    -1.00361   0.0015551
          17    -1.00659    -1.00379  0.00147118
          18   -0.991295    -1.00309  0.00155103
          19   -0.996122    -1.00273  0.00151233
          20   -0.999773    -1.00258  0.00144231
          21     -1.0042    -1.00266  0.00137408
          22    -1.00495    -1.00276  0.00131427
          23    -1.00195    -1.00273  0.00125632
          24   -0.995854    -1.00244  0.00123645
          25    -1.00868    -1.00269  0.00121195
          26    -1.01117    -1.00302  0.00120924
          27    -1.00466    -1.00308  0.00116518
          28    -1.00444    -1.00313  0.00112385
          29   -0.998051    -1.00295  0.00109843
          30   -0.998837    -1.00281     0.00107
          31    -1.00292    -1.00282  0.00103492
          32   -0.990611    -1.00244   0.0010722
          33    -1.00038    -1.00237  0.00104107
          34    -1.01497    -1.00274   0.0010758
          35   -0.995984    -1.00255  0.00106231
          36    -1.00633    -1.00266  0.00103769
          37    -1.01551      -1.003  0.00106735
          38   -0.993538    -1.00275  0.00106832
          39    -1.00044    -1.00269  0.00104226
          40    -1.00517    -1.00276  0.00101775
          41   -0.995277    -1.00257  0.00100924
          42    -1.00593    -1.00265 0.000988157
          43    -1.00872    -1.00279 0.000975161
          44    -1.00344    -1.00281 0.000952852
          45     -1.0023     -1.0028 0.000931506
          46     -1.0035    -1.00281  0.00091116
          47    -1.00501    -1.00286  0.00089279
          48     -1.0117    -1.00304 0.000893196
          49    -1.00384    -1.00306 0.000874931
          50    -1.01253    -1.00325 0.000877932
          51    -1.00328    -1.00325 0.000860545
          52    -1.00358    -1.00326 0.000843858
          53    -1.00666    -1.00332 0.000830272
          54    -1.00032    -1.00327 0.000816651
          55    -1.01415    -1.00346 0.000825736
          56    -1.00279    -1.00345 0.000810946
          57    -1.00438    -1.00347  0.00079676
          58    -1.00717    -1.00353 0.000785504
          59   -0.978006     -1.0031 0.000885028
          60   -0.998533    -1.00302 0.000873473
          61    -1.00195    -1.00301 0.000859214
          62    -1.00976    -1.00311  0.00085224
          63     -1.0089    -1.00321 0.000843611
          64    -0.99947    -1.00315 0.000832375
          65    -1.00933    -1.00324 0.000824975
          66    -1.00291    -1.00324 0.000812395
          67     -1.0014    -1.00321 0.000800645
          68   -0.989342    -1.00301 0.000814722
          69    -1.00032    -1.00297 0.000803767
          70    -1.00741    -1.00303 0.000794741
          71   -0.982437    -1.00274 0.000835436
          72   -0.979198    -1.00241 0.000886276
          73    -1.00267    -1.00242 0.000874058
          74   -0.998416    -1.00236  0.00086386
          75   -0.997112    -1.00229 0.000855136
          76    -1.00799    -1.00237 0.000847132
          77     -1.0084    -1.00245 0.000839719
          78   -0.999396    -1.00241 0.000829806
          79   -0.992156    -1.00228 0.000829449
          80    -1.01153    -1.00239  0.00082714
          81    -1.00727    -1.00245 0.000819083
          82    -0.99378    -1.00235 0.000815919
          83    -1.01076    -1.00245 0.000812376
          84    -1.00964    -1.00253 0.000807196
          85    -1.00899    -1.00261 0.000801254
          86    -1.01459    -1.00275 0.000804039
          87   -0.993725    -1.00265 0.000801486
          88   -0.998253     -1.0026 0.000793897
          89   -0.988409    -1.00244  0.00080095
          90     -1.0039    -1.00245 0.000792168
          91    -1.01526    -1.00259 0.000795962
          92    -1.01092    -1.00268 0.000792443
          93    -1.00414     -1.0027 0.000784033
          94    -1.00696    -1.00275 0.000776972
          95   -0.990967    -1.00262 0.000778684
          96   -0.996655    -1.00256 0.000773033
          97   -0.997927    -1.00251 0.000766511
          98    -1.01497    -1.00264 0.000769218
          99    -1.00945    -1.00271 0.000764513
         100    -1.00799    -1.00276 0.000758669
         101    -1.01382    -1.00287  0.00075906
         102    -1.00456    -1.00289 0.000751764
         103   -0.984452    -1.00271 0.000765642
         104    -1.00834    -1.00276 0.000760172
         105    -1.00508    -1.00278 0.000753221
         106    -1.01445    -1.00289 0.000754156
         107   -0.972226    -1.00261 0.000800168
         108    -1.00601    -1.00264 0.000793351
         109    -1.01497    -1.00275 0.000794143
         110    -1.00539    -1.00278 0.000787256
         111    -1.00519     -1.0028 0.000780435
         112     -1.0046    -1.00281 0.000773603
         113    -1.01405    -1.00291 0.000773151
         114    -1.00465    -1.00293 0.000766491
         115    -1.00849    -1.00298 0.000761331
         116    -1.00341    -1.00298 0.000754749
         117   -0.998002    -1.00294 0.000749479
         118    -0.99468    -1.00287 0.000746388
         119    -1.00499    -1.00289 0.000740305
         120    -1.00787    -1.00293 0.000735282
         121   -0.997248    -1.00288 0.000730689
         122   -0.997634    -1.00284  0.00072595
         123   -0.991811    -1.00275 0.000725584
         124   -0.997621    -1.00271 0.000720895
         125    -1.00849    -1.00275   0.0007166
         126   -0.996297     -1.0027 0.000712734
         127    -1.00195     -1.0027 0.000707125
         128    -1.00645    -1.00272 0.000702192
         129    -1.01258     -1.0028 0.000700903
         130   -0.992483    -1.00272 0.000700005
         131    -1.00133    -1.00271 0.000694722
         132    -1.01107    -1.00277 0.000692344
         133   -0.997208    -1.00273 0.000688392
         134   -0.982477    -1.00258 0.000699757
         135    -1.00168    -1.00257 0.000694587
         136    -1.01077    -1.00264 0.000692087
         137    -1.00768    -1.00267 0.000688003
         138    -1.01026    -1.00273 0.000685208
         139    -1.01025    -1.00278 0.000682409
         140    -1.00942    -1.00283 0.000679172
         141   -0.991093    -1.00275 0.000679455
         142   -0.989015    -1.00265 0.000681548
         143     -1.0013    -1.00264  0.00067683
         144    -1.01216    -1.00271 0.000675356
         145   -0.994418    -1.00265 0.000673113
         146   -0.995253     -1.0026 0.000670403
         147   -0.988615     -1.0025 0.000672587
         148    -1.01279    -1.00257 0.000671636
         149     -1.0139    -1.00265 0.000671433
         150    -1.01554    -1.00273 0.000672454
         151   -0.994992    -1.00268  0.00066995
         152    -1.00675    -1.00271 0.000666066
         153    -1.00129     -1.0027 0.000661764
         154    -1.00823    -1.00274 0.000658434
         155    -1.01026    -1.00278 0.000655972
         156    -1.01299    -1.00285 0.000655029
         157    -1.00276    -1.00285 0.000650843
         158    -1.00886    -1.00289 0.000647829
         159    -1.00908    -1.00293  0.00064492
         160    -1.01337    -1.00299 0.000644191
         161   -0.994872    -1.00294  0.00064216
         162    -1.00046    -1.00293 0.000638368
         163    -1.01092    -1.00297 0.000636331
         164   -0.998527    -1.00295  0.00063302
         165    -1.00806    -1.00298 0.000629934
         166     -1.0055    -1.00299 0.000626312
         167    -1.00757    -1.00302 0.000623154
         168    -1.01535    -1.00309 0.000623768
         169    -1.01063    -1.00314 0.000621668
         170   -0.982542    -1.00302 0.000629765
         171    -1.00226    -1.00301 0.000626087
         172    -1.00444    -1.00302 0.000622491
         173    -1.01103    -1.00307 0.000620612
         174    -1.00495    -1.00308  0.00061713
         175   -0.995067    -1.00303 0.000615299
         176    -1.00422    -1.00304  0.00061183
         177   -0.992306    -1.00298 0.000611379
         178      -0.995    -1.00293 0.000609585
         179     -1.0147      -1.003 0.000609724
         180   -0.996284    -1.00296 0.000607474
         181    -1.01189    -1.00301 0.000606119
         182   -0.996867    -1.00298 0.000603725
         183    -1.00414    -1.00299  0.00060045
         184    -1.01016    -1.00302 0.000598451
         185   -0.992639    -1.00297 0.000597849
         186    -1.01285    -1.00302 0.000596993
         187    -1.01577    -1.00309 0.000597696
         188   -0.999071    -1.00307 0.000594892
         189    -1.01022    -1.00311 0.000592944
         190    -1.01266    -1.00316 0.000591955
         191    -1.01247     -1.0032 0.000590863
         192   -0.990901    -1.00314 0.000591261
         193   -0.997178    -1.00311    0.000589
         194    -1.00561    -1.00312 0.000586098
         195      -1.006    -1.00314 0.000583271
         196   -0.993977    -1.00309 0.000582167
         197    -1.01132    -1.00313  0.00058071
         198    -1.01286    -1.00318 0.000579857
         199    -1.00065    -1.00317 0.000577076
         200    -1.00747    -1.00319 0.000574585
