           1      85.101      85.101           0
           2     86.1726     85.6368    0.535776
           3     91.4154      87.563     1.95089
           4      78.001     85.1725     2.75998
           5     89.5829     86.0546      2.3127
           6     90.2363     86.7515     2.01282
           7     93.3902     87.6999     1.94765
           8     85.8446      87.468     1.70258
           9      95.707     88.3834     1.75859
          10     90.1234     88.5574     1.58253
          11      95.137     89.1556     1.55139
          12     91.5228     89.3529     1.42989
          13     94.0346      89.713     1.36372
          14     82.2233      89.178     1.37123
          15     94.8838     89.5584     1.33201
          16     96.7316     90.0067     1.32419
          17     93.6965     90.2238     1.26265
          18     80.1151     89.6622     1.31626
          19     85.2755     89.4313     1.26628
          20     87.1644      89.318     1.20663
          21     91.0391     89.3999     1.15066
          22     91.4384     89.4926     1.10102
          23     87.5832     89.4096     1.05533
          24     88.1628     89.3576     1.01174
          25     93.9184       89.54    0.987421
          26     96.1994     89.7962    0.982651
          27     91.0785     89.8437    0.946749
          28     90.4019     89.8636    0.912528
          29     86.1801     89.7366    0.889613
          30      88.214     89.6858    0.860945
          31     89.9406     89.6941     0.83275
          32      91.275     89.7435    0.807819
          33     87.7308     89.6825    0.785329
          34     98.3753     89.9381    0.803636
          35     84.1814     89.7737    0.797483
          36     93.1685      89.868     0.78073
          37     98.5002     90.1013    0.794369
          38     81.4258      89.873    0.806184
          39     88.6033     89.8404    0.785915
          40     90.5654     89.8585    0.766229
          41     85.7813     89.7591    0.753895
          42     92.6872     89.8288    0.739022
          43     93.9044     89.9236    0.727828
          44      89.304     89.9095    0.711234
          45     91.5594     89.9462    0.696215
          46     90.5786     89.9599    0.681051
          47     90.6938     89.9755    0.666586
          48     97.1184     90.1243    0.669303
          49     89.5109     90.1118    0.655621
          50     97.3702      90.257    0.658573
          51     90.3525     90.2589    0.645534
          52      90.348     90.2606       0.633
          53     91.9655     90.2927    0.621775
          54     86.8003     90.2281     0.61357
          55     97.7148     90.3642    0.617501
          56     90.4676      90.366    0.606377
          57     88.9727     90.3416    0.596145
          58     93.4854     90.3958    0.588279
          59       70.13     90.0523    0.672552
          60     86.8088     89.9983    0.663453
          61     89.5412     89.9908     0.65253
          62     95.5236       90.08    0.648092
          63     93.4152     90.1329    0.639915
          64     88.7339     90.1111    0.630217
          65     94.4575     90.1779    0.624038
          66     90.3332     90.1803    0.614515
          67     88.0924     90.1491    0.606075
          68     79.4804     89.9922    0.617364
          69     87.8889     89.9618    0.609115
          70     93.2141     90.0082    0.602145
          71     74.9665     89.7964    0.630276
          72     70.4177     89.5272     0.67724
          73     90.9233     89.5463    0.668172
          74     87.6507     89.5207    0.659578
          75     85.1743     89.4628      0.6533
          76     93.9931     89.5224    0.647397
          77     93.3943     89.5727    0.640909
          78     86.9355     89.5389    0.633542
          79     81.8288     89.4413     0.63304
          80     96.3834      89.528    0.631071
          81      93.612     89.5785    0.625268
          82     83.1249     89.4998     0.62259
          83     95.5046     89.5721    0.619283
          84     93.3223     89.6168    0.613493
          85     94.2593     89.6714    0.608688
          86     98.2706     89.7714    0.609822
          87      80.961     89.6701     0.61122
          88     86.7133     89.6365    0.605167
          89     75.6911     89.4798    0.618506
          90     91.5447     89.5027    0.612025
          91     98.3352     89.5998    0.612995
          92     95.1906     89.6606    0.609333
          93     90.5422     89.6701     0.60282
          94     93.5605     89.7114    0.597807
          95     78.8849     89.5975     0.60236
          96     87.5708     89.5764    0.596426
          97     84.5847     89.5249    0.592484
          98     97.7929     89.6093    0.592445
          99     95.5191      89.669    0.589461
         100     93.2884     89.7052    0.584658
         101     97.2974     89.7803    0.583701
         102     90.5343     89.7877    0.577997
         103     72.7738     89.6225    0.595718
         104     92.9914     89.6549     0.59085
         105     93.1201     89.6879    0.586126
         106     98.0682      89.767    0.585929
         107     76.2302     89.6405    0.594054
         108     93.4944     89.6762    0.589609
         109      98.286     89.7552    0.589491
         110     91.9462     89.7751    0.584447
         111     93.2117      89.806    0.579984
         112     91.4828      89.821    0.574977
         113      96.971     89.8843    0.573368
         114      91.223      89.896    0.568438
         115     94.7217      89.938    0.565034
         116     88.1236     89.9223     0.56036
         117      84.797     89.8785    0.557274
         118     86.8531     89.8529    0.553126
         119     90.4577      89.858    0.548482
         120     92.5212     89.8802    0.544344
         121     86.4414     89.8518    0.540575
         122     85.7239     89.8179    0.537192
         123     82.2789     89.7566    0.536321
         124     85.1045     89.7191    0.533299
         125     92.7669     89.7435    0.529577
         126     83.0529     89.6904    0.528034
         127     88.2093     89.6787    0.523989
         128     92.9526     89.7043    0.520508
         129     96.7695     89.7591    0.519354
         130     82.2397     89.7012    0.518579
         131     86.7799     89.6789    0.515088
         132     96.1504      89.728    0.513517
         133     90.4455     89.7334     0.50967
         134     82.4068     89.6787    0.508798
         135     88.1975     89.6677    0.505134
         136     96.1884     89.7157    0.503693
         137     91.9396     89.7319    0.500267
         138     95.5005     89.7737    0.498385
         139     95.3722      89.814    0.496423
         140     94.6764     89.8487    0.494086
         141      81.937     89.7926    0.493768
         142     84.3132      89.754    0.491795
         143     88.1837      89.743    0.488467
         144     96.7148     89.7914    0.487473
         145     86.5142     89.7688    0.484627
         146     91.6732     89.7819    0.481473
         147      84.711     89.7474    0.479429
         148     96.8777     89.7956     0.47861
         149     97.7517      89.849    0.478376
         150     98.8241     89.9088    0.478929
         151     83.3138     89.8651    0.477747
         152     93.0828     89.8863    0.475065
         153     87.9564     89.8737    0.472119
         154      92.556     89.8911    0.469366
         155     94.5639     89.9212    0.467302
         156     97.5729     89.9703     0.46688
         157     90.7964     89.9755    0.463927
         158     94.8608     90.0065    0.462017
         159     94.0886     90.0321    0.459819
         160     96.8435     90.0747    0.458915
         161     83.0253     90.0309    0.458153
         162     87.4199     90.0148    0.455601
         163     95.0118     90.0455    0.453834
         164     86.1291     90.0216     0.45169
         165     93.8847      90.045    0.449554
         166     91.8902     90.0561    0.446976
         167     93.2436     90.0752    0.444701
         168     98.4149     90.1248    0.444825
         169     95.3774     90.1559    0.443276
         170      79.618     90.0939    0.444999
         171     88.4766     90.0845     0.44249
         172     91.0111     90.0899    0.439943
         173     95.8224      90.123    0.438646
         174     91.8529     90.1329    0.436231
         175     82.5126     90.0894    0.435912
         176     90.9222     90.0941    0.433454
         177     82.5486     90.0515    0.433101
         178     81.0876     90.0011    0.433595
         179     98.1613     90.0467    0.433569
         180     84.2447     90.0145    0.432357
         181     95.6462     90.0456    0.431086
         182     83.4729     90.0095     0.43023
         183       92.12      90.021    0.428027
         184     95.3118     90.0498    0.426665
         185     82.0468     90.0065    0.426552
         186     96.5773     90.0418     0.42572
         187     98.8484     90.0889    0.426049
         188     85.8371     90.0663    0.424379
         189     95.0202     90.0925    0.422941
         190     96.5291     90.1264    0.422071
         191     96.5313     90.1599    0.421192
         192     81.5769     90.1152    0.421371
         193     86.9099     90.0986    0.419511
         194     92.9036     90.1131    0.417593
         195     91.5414     90.1204    0.415511
         196     89.7621     90.1186    0.413389
         197     96.9109     90.1531    0.412728
         198     97.1401     90.1884    0.412152
         199     87.3028     90.1739    0.410332
         200     93.8739     90.1924    0.408694
