-0.340472   -0.0649886   -0.310024
-0.488899   -0.20307   -0.348207
-0.261548   -0.154433   -0.470438
-0.280207   0.461702   -0.0377127
0.114668   0.42003   0.169346
0.0568359   -0.0833997   -0.110636
0.346256   -0.220379   -0.45639
-0.354587   -0.293335   0.325893
0.403537   -0.403652   0.0256198
-0.277374   -0.0663013   0.298966
-0.48207   0.289867   0.246605
0.0104461   -0.277969   0.307311
0.488001   0.222045   -0.278826
0.313961   -0.130004   0.3713
0.461731   0.421328   -0.0418671
0.247656   0.202064   0.00179536
-0.339312   0.173707   0.342648
-0.015705   0.39185   0.298015
0.112761   -0.135218   -0.46449
0.33349   0.210566   -0.410633
0.319679   -0.448575   0.23431
0.352177   0.164332   0.215191
0.254705   0.265901   -0.207987
0.190088   -0.289654   -0.0237481
0.201885   -0.318645   0.348528
-0.210544   0.181773   0.157417
-0.196943   -0.249791   0.217685
0.050835   -0.330953   -0.437395
0.323571   0.357981   0.129304
-0.176459   0.236414   -0.059401
0.00980845   0.28748   0.455155
-0.165494   -0.298831   0.430497
-0.445586   0.0830851   0.162027
-0.308384   -0.276326   -0.263234
-0.478192   -0.147154   0.444448
0.368098   0.4642   -0.263582
-0.355738   0.382827   0.45738
-0.10937   -0.198547   -0.167416
-0.189875   -0.415596   -0.18219
-0.0645084   0.49191   0.480596
0.120045   -0.365398   0.160685
-0.0651956   0.087423   0.436448
0.116016   0.409441   -0.354229
-0.156253   0.27497   0.339112
-0.0251942   0.0995191   0.00181081
-0.0843906   0.394156   -0.276825
0.494546   0.423532   -0.407975
-0.274916   0.041916   -0.485482
0.370144   0.328649   0.427611
0.353885   -0.249913   0.177349
0.221869   0.272191   0.301273
-0.201879   -0.124317   0.048169
-0.297341   0.0448708   -0.00113154
0.399206   0.00997393   0.00627976
0.117758   0.0471   0.131775
-0.126341   -0.25966   -0.361741
-0.0757059   -0.118378   0.396452
-0.39509   -0.382048   -0.00318867
0.103738   -0.213878   -0.280162
-0.0912834   -0.0237826   0.22149
-0.176174   -0.332727   0.0206313
0.493313   -0.203497   0.0415151
-0.286985   0.491278   -0.377473
-0.379307   0.256186   0.0719365
-0.0194102   -0.199149   0.104546
0.146165   -0.130626   0.241182
-0.169057   0.305253   -0.442223
0.312206   -0.177313   -0.172528
0.0278468   -0.427897   -0.264413
-0.0118123   0.188457   -0.224338
0.421964   -0.298559   0.365847
0.197786   0.0743345   0.420857
0.418083   0.122753   0.400025
-0.348298   -0.333047   -0.466523
0.168038   0.084068   -0.193476
-0.465872   -0.450351   0.177699
-0.435493   0.478721   -0.189737
-0.0309814   0.279928   0.0972099
-0.163246   0.0059081   -0.164897
-0.0157449   -0.0614918   -0.330195
0.49956   -0.108669   0.250915
0.0190018   -0.414166   -0.050964
-0.0654319   -0.439027   0.175054
0.203796   -0.385579   -0.200084
0.38062   0.0318833   -0.213146
0.137482   0.167348   -0.364495
0.470711   -0.00774552   -0.406532
-0.280456   -0.444384   0.156563
0.245928   -0.434831   -0.445036
0.0306854   0.164982   0.256796
-0.274323   0.345692   -0.222332
-0.174193   0.379513   0.151895
-0.454767   0.195706   -0.484182
0.227973   0.489016   0.0115298
-0.371024   0.138173   -0.168713
-0.495848   -0.473669   0.415358
0.160913   0.432755   0.391435
0.0815275   0.308414   -0.0941082
0.257227   -0.0115272   -0.390581
-0.175645   -0.476285   0.325829
-0.45156   -0.076994   -0.163887
-0.189195   0.138571   -0.312571
0.498338   -0.289008   -0.174203
0.22644   -0.114335   0.0365587
0.297495   -0.0184974   0.192356
0.453344   -0.382189   -0.422373
-0.0838076   0.415941   -0.0656598
0.446944   0.196314   -0.0848382
