0.461863   -0.267792   0.459009
0.401903   -0.144563   0.321613
-0.382643   0.239437   0.416706
-0.0745175   -0.0206423   0.162906
-0.242492   -0.465792   0.31654
-0.00942518   -0.0278817   0.297222
0.494375   -0.0694793   -0.363186
-0.209153   -0.480154   -0.376221
-0.365452   -0.306452   -0.464999
0.174958   0.0662631   -0.166352
0.263008   0.00702029   0.113913
-0.468222   0.445281   -0.460591
0.42287   0.126423   0.0234694
-0.207741   0.374923   0.411512
0.0110216   0.057363   -0.231781
-0.0373584   0.494799   0.341768
-0.22387   0.321814   -0.305367
-0.293033   0.386437   -0.311436
-0.188243   0.0850158   0.378069
-0.0267165   0.375277   0.307239
0.164938   -0.421348   -0.239299
-0.432582   -0.484054   -0.476822
0.13264   -0.26162   0.223665
0.397565   -0.0469277   -0.405986
-0.31579   -0.150773   -0.016277
-0.189764   -0.338044   0.372444
-0.304146   0.472643   -0.0320767
0.446364   -0.0457085   0.424166
0.154236   0.16675   0.172415
0.183407   -0.104592   0.285328
0.300856   -0.459934   -0.475842
0.218625   -0.44035   0.168913
-0.198279   -0.274534   -0.329073
0.137261   0.14598   -0.105106
-0.258256   0.395215   0.36373
-0.331508   0.331046   -0.402347
-0.0453588   0.414977   -0.0129671
0.250159   -0.174072   0.218436
-0.190352   0.131342   -0.349091
0.0271653   -0.266899   -0.132756
-0.0554557   0.0758123   0.431325
0.467894   0.123966   -0.372636
0.11613   -0.183907   0.159529
0.188493   -0.0243579   0.34907
-0.32546   0.058213   0.201695
0.464101   -0.204922   0.139851
0.0394676   0.0721886   -0.14755
0.422518   0.197821   0.234831
0.125198   -0.362294   -0.142013
0.343552   0.338065   -0.0297536
-0.417654   -0.394121   -0.3043
-0.263311   0.444511   0.440049
-0.0456336   -0.400645   -0.112713
-0.333132   -0.214352   -0.455283
0.202728   -0.0110557   -0.115655
0.232667   0.48333   -0.0250051
-0.363201   -0.46029   0.326162
0.210721   -0.320614   -0.155694
0.284065   -0.440619   -0.266465
0.149442   0.383831   -0.00361324
-0.0381133   -0.280835   0.186331
-0.344963   -0.253352   0.457639
-0.0722446   0.0918278   -0.171448
0.0806872   -0.404035   -0.193772
0.0802418   0.178648   -0.145133
-0.105812   -0.0263081   -0.405059
-0.317211   0.488052   0.398351
-0.318574   -0.479348   -0.147473
-0.139309   -0.0799709   0.438762
0.383962   0.0816572   0.309054
-0.195446   0.426403   0.0406334
-0.489508   -0.158478   0.34181
0.294257   -0.14492   -0.037555
-0.466043   -0.404859   0.26088
0.437902   -0.0306848   -0.327232
0.0142069   -0.368983   -0.326395
0.406385   -0.494629   0.31353
0.074514   -0.175337   0.083359
0.136608   0.312187   0.093437
0.439851   -0.116055   -0.403443
0.0894531   -0.0145884   0.332326
0.413119   -0.310928   0.369814
-0.475818   -0.0203285   0.381422
0.171158   0.432361   0.0782548
-0.391621   0.163476   -0.00261342
-0.29763   -0.315621   0.0744833
-0.311901   0.180915   0.398282
-0.376342   -0.376697   0.0577658
-0.377525   -0.37454   0.395514
0.123399   0.402032   -0.0847939
-0.348227   -0.35739   0.143743
-0.186393   0.311198   -0.0973683
0.348978   0.270694   -0.139163
-0.401562   0.368189   0.167729
0.191916   0.442571   0.445456
0.254211   -0.171445   0.0397353
-0.0415123   0.486945   0.479212
-0.0911405   0.163029   0.259686
0.230442   -0.0971134   0.00747583
0.401805   -0.41039   0.295488
-0.431057   -0.449944   0.187238
-0.206428   0.224775   -0.0707487
0.406406   -0.29049   -0.0340838
-0.336067   0.0150255   0.0593485
0.441499   0.460699   0.255556
0.17264   0.341155   0.378749
-0.222342   -0.145403   -0.258367
-0.354162   -0.140501   0.488094
