0.461856   -0.26779   0.459049
0.401908   -0.144551   0.321707
-0.382633   0.239441   0.416751
-0.0745037   -0.0205865   0.162912
-0.242365   -0.465756   0.316501
-0.0094338   -0.0278484   0.297173
0.494299   -0.06949   -0.363161
-0.20915   -0.480137   -0.376247
-0.365468   -0.306516   -0.464963
0.174979   0.0662254   -0.166299
0.263059   0.00707946   0.113883
-0.468263   0.445284   -0.460615
0.422854   0.126455   0.0234727
-0.207707   0.374939   0.411469
0.0109966   0.0572941   -0.231747
-0.0374127   0.494838   0.341828
-0.223877   0.321806   -0.305371
-0.293038   0.386472   -0.311563
-0.188276   0.0850872   0.378144
-0.0266412   0.375246   0.307245
0.164896   -0.421332   -0.23933
-0.432541   -0.484175   -0.476838
0.132584   -0.261563   0.22362
0.397632   -0.0469117   -0.405982
-0.315776   -0.150752   -0.0162246
-0.18972   -0.338007   0.372399
-0.304118   0.472649   -0.0321308
0.446377   -0.0456725   0.424199
0.15424   0.16678   0.172473
0.183453   -0.104662   0.285383
0.300865   -0.459977   -0.475787
0.218644   -0.440284   0.168877
-0.198276   -0.274531   -0.329098
0.137212   0.146015   -0.105117
-0.258246   0.395218   0.363737
-0.331499   0.331047   -0.402393
-0.0453198   0.415038   -0.0130214
0.250137   -0.174012   0.21841
-0.190408   0.131318   -0.349115
0.0271229   -0.266905   -0.132782
-0.0554254   0.0757519   0.431415
0.467945   0.123998   -0.372661
0.116114   -0.183865   0.159513
0.188536   -0.0242854   0.349073
-0.325444   0.058173   0.201727
0.464164   -0.204876   0.139819
0.0394393   0.0722435   -0.147557
0.422544   0.197773   0.234832
0.125175   -0.362271   -0.142026
0.343526   0.337995   -0.0297871
-0.417702   -0.394173   -0.304258
-0.263376   0.444554   0.439966
-0.0455932   -0.400624   -0.112774
-0.333099   -0.214335   -0.455289
0.20277   -0.0110821   -0.115629
0.232675   0.483286   -0.0251113
-0.363197   -0.460302   0.326147
0.210675   -0.320692   -0.155657
0.28409   -0.440646   -0.266473
0.149427   0.383846   -0.00364733
-0.038126   -0.280891   0.186362
-0.344926   -0.253254   0.457639
-0.0722887   0.091734   -0.171446
0.0806013   -0.404028   -0.19371
0.0802683   0.178625   -0.145145
-0.105817   -0.026318   -0.405052
-0.317239   0.488052   0.39835
-0.318558   -0.47921   -0.14747
-0.139339   -0.080001   0.438782
0.38394   0.081672   0.309083
-0.195474   0.42636   0.040616
-0.489404   -0.158582   0.341743
0.294216   -0.144895   -0.0375776
-0.466082   -0.404888   0.260777
0.437887   -0.0307231   -0.32722
0.0141593   -0.369006   -0.326404
0.406483   -0.494648   0.31353
0.074464   -0.17531   0.0833644
0.136637   0.312184   0.0934418
0.439849   -0.116101   -0.403439
0.0894352   -0.0146498   0.332329
0.413089   -0.310944   0.369798
-0.475833   -0.0203178   0.381418
0.171204   0.432399   0.0782647
-0.391605   0.163534   -0.00261363
-0.297585   -0.315592   0.0744104
-0.311955   0.180904   0.398283
-0.376341   -0.376692   0.0578124
-0.377427   -0.37455   0.395531
0.123345   0.401971   -0.0848566
-0.348187   -0.357417   0.143706
-0.186366   0.311225   -0.0973862
0.34899   0.270657   -0.139119
-0.401609   0.36817   0.167743
0.191915   0.442547   0.445525
0.254196   -0.171488   0.039781
-0.0415331   0.486935   0.47917
-0.0911776   0.163023   0.259745
0.230411   -0.0971247   0.00744189
0.401837   -0.410326   0.295457
-0.431106   -0.449906   0.187306
-0.206457   0.224755   -0.0707451
0.406379   -0.290559   -0.0340537
-0.336085   0.0150188   0.0593336
0.441495   0.460693   0.255586
0.172666   0.341161   0.378749
-0.222352   -0.145383   -0.25829
-0.354142   -0.140425   0.488204
