           0     26.8614
           1     25.8256
           2     25.0823
           3     24.0564
           4     23.1179
           5     22.2572
           6     21.0995
           7     20.7118
           8     20.1414
           9     19.8314
          10     19.5139
          11     19.0937
          12     18.8307
          13     18.4664
          14     18.2387
          15     18.0555
          16     17.7906
          17     17.5451
          18     17.4468
          19     17.0947
          20     16.8053
          21     16.5975
          22     16.4583
          23     16.2918
          24     15.9302
          25     15.9308
          26     15.8706
          27     15.7671
          28     15.6615
          29      15.624
          30     15.4513
          31     15.1956
          32     15.1435
          33     15.1253
          34     15.0656
          35     15.0962
          36     15.0216
          37     15.0108
          38     14.9088
          39     14.6672
          40     14.4276
          41     14.1854
          42     14.0906
          43     13.8254
          44     13.6464
          45     13.6115
          46     13.4283
          47     13.5338
          48     13.4141
          49     13.2395
          50     13.1909
          51     13.0842
          52     12.8172
          53      12.759
          54     12.6589
          55     12.5529
          56     12.4917
          57     12.4807
          58     12.3672
          59     12.2482
          60     12.1831
          61      12.102
          62     12.0275
          63     11.9404
          64      11.825
          65     11.8075
          66     11.7837
          67     11.7382
          68     11.7254
          69     11.7198
          70     11.6851
          71     11.6389
          72     11.6259
          73     11.4456
          74     11.3208
          75     11.3785
          76      11.159
          77     11.0165
          78     11.0409
          79     11.0321
          80     11.0367
          81     11.0392
          82     10.9893
          83     11.0732
          84     11.0098
          85     11.0099
          86      11.007
          87     11.1437
          88     11.0958
          89     11.0808
          90     11.1331
          91     11.0178
          92     11.1212
          93     11.1274
          94       11.11
          95     11.0943
          96     11.0478
          97     10.9762
          98     11.0077
          99     11.0368
           0     11.1727
           1     11.0179
           2     10.9541
           3     10.9048
           4     10.9002
           5     10.9227
           6     10.8937
           7     10.9409
           8     11.0075
           9     11.0261
          10     10.9328
          11     10.9466
          12     11.0532
          13     11.0891
          14     10.9885
          15     10.9531
          16     10.9123
          17     10.9131
          18     10.9158
          19     10.9284
          20     10.9243
          21     10.9641
          22      10.957
          23     11.0074
          24     10.9628
          25     10.9877
          26     10.9596
          27     11.0864
          28     10.9559
          29     10.9782
          30     11.0785
          31     11.0194
          32     10.9218
          33     10.9376
          34      11.131
          35     10.9702
          36     11.0142
          37     10.9277
          38     10.9056
          39     10.9007
          40     10.9369
          41     10.9441
          42     10.9633
          43     10.9215
          44     11.0365
          45     11.0697
          46     11.0596
          47     10.9587
          48     10.9704
          49     10.9953
          50     10.9864
          51     11.0644
          52     11.1161
          53     11.0661
          54     10.9867
          55     11.0738
          56     10.9883
          57     11.0098
          58     11.0706
          59     11.0988
          60      11.092
          61     11.0886
          62     11.0787
          63     11.0404
          64     11.0403
          65     11.0417
          66     11.0637
          67     11.0557
          68     11.0541
          69     11.0702
          70     11.3075
          71     11.3739
          72     11.4057
          73     11.2786
          74     11.1474
          75      11.091
          76      11.062
          77     11.1279
          78     11.0343
          79      11.104
          80     11.0302
          81     11.0145
          82     10.9852
          83       11.07
          84     11.0475
          85     11.0809
          86     10.9991
          87     11.1561
          88     11.0912
          89     10.9674
          90     11.0549
          91     11.0073
          92     10.9674
          93     10.9833
          94     11.0522
          95     11.1419
          96     10.9884
          97      10.951
          98     10.9469
          99     10.9527
           0     10.9414
           1     11.0155
           2     11.0117
           3      11.048
           4     11.1709
           5     11.2405
           6     10.9967
           7     10.9086
           8     10.8419
           9     10.8646
          10      10.935
          11     10.8926
          12     10.8264
          13     10.8865
          14     10.6477
          15     10.5432
          16     10.5614
          17     10.5239
          18     10.5078
          19     10.5334
          20     10.5551
          21     10.6273
          22     10.5275
          23     10.5166
          24     10.6111
          25     10.5533
          26     10.5885
          27     10.5582
          28     10.5424
          29      10.576
          30     10.5222
          31     10.5323
          32     10.5449
          33     10.5688
          34     10.5261
          35     10.5289
          36     10.5612
          37     10.6304
          38     10.5679
          39     10.5559
          40     10.5458
          41     10.5579
          42     10.5504
          43     10.6316
          44     10.5397
          45     10.5576
          46     10.5565
          47      10.585
          48     10.5684
          49     10.6184
          50      10.676
          51     10.6738
          52     10.6038
          53     10.5513
          54     10.6261
          55     10.5933
          56     10.5437
          57      10.694
          58     10.7065
          59     10.6408
          60     10.6187
          61     10.5576
          62     10.5082
          63      10.508
          64     10.5078
          65     10.5084
          66     10.5078
          67     10.7036
          68      10.631
          69     10.7016
          70     10.6818
          71     10.8735
          72     10.7669
          73     10.5831
          74     10.5662
          75     10.6016
          76     10.5311
          77     10.5107
          78     10.5078
          79     10.5089
          80     10.5078
          81     10.5078
          82     10.5108
          83     10.5453
          84     10.5284
          85     10.5261
          86     10.5078
          87     10.5377
          88     10.6317
          89     10.7043
          90     10.6089
          91     10.5688
          92     10.5839
          93     10.5991
          94     10.8265
          95     10.7216
          96     10.5944
          97     10.6991
          98     10.6909
          99     10.5321
           0     10.5078
           1     10.5131
           2     10.5688
           3     10.5554
           4     10.5739
           5     10.7648
           6     10.6121
           7     10.6833
           8     10.6042
           9     10.7378
          10     10.5937
          11     10.5991
          12       10.65
          13     10.5773
          14     10.5102
          15     10.5078
          16     10.5441
          17     10.5772
          18     10.5251
          19     10.5267
          20     10.6701
          21     10.5545
          22     10.6476
          23     10.6407
          24     10.6255
          25     10.5999
          26     10.5571
          27     10.5702
          28     10.5621
          29     10.6088
          30     10.5621
          31     10.5135
          32     10.5078
          33     10.5078
          34     10.5078
          35     10.5078
          36     10.5078
          37     10.5092
          38     10.5083
          39     10.5078
          40     10.5124
          41     10.5078
          42      10.535
          43      10.508
          44      10.591
          45     10.5432
          46     10.5565
          47     10.6708
          48     10.7282
          49     10.7243
          50     10.5549
          51      10.582
          52     10.5256
          53     10.5078
          54     10.5078
          55     10.5086
          56     10.5078
          57     10.5098
          58     10.5086
          59     10.5276
          60     10.6256
          61     10.6879
          62     10.6169
          63     10.7685
          64     10.7274
          65     10.6652
          66     10.6768
          67     10.5208
          68     10.5946
          69     10.5401
          70     10.5465
          71     10.6947
          72     10.5475
          73     10.5107
          74     10.5124
          75     10.6761
          76     10.5782
          77     10.5383
          78     10.5078
          79     10.5236
          80     10.5273
          81     10.5508
          82     10.5169
          83      10.526
          84     10.5131
          85      10.508
          86     10.5078
          87     10.5078
          88     10.5078
          89     10.5078
          90       10.52
          91     10.5078
          92     10.5436
          93     10.5094
          94     10.5689
          95     10.6855
          96     10.5782
          97      10.835
          98     10.6623
          99     10.5277
           0     10.6773
           1     10.7281
           2     10.7094
           3      10.508
           4     10.5621
           5     10.5104
           6     10.5374
           7     10.5464
           8     10.5078
           9     10.5078
          10     10.5782
          11     10.5506
          12     10.5461
          13     10.6346
          14     10.5124
          15     10.5584
          16     10.6513
          17     10.5519
          18     10.5968
          19     10.7948
          20     10.5684
          21     10.5558
          22     10.5923
          23     10.6636
          24      10.527
          25     10.5147
          26     10.5711
          27     10.5926
          28     10.5624
          29     10.5296
          30     10.5454
          31     10.5451
          32     10.5728
          33     10.5122
          34     10.6057
          35     10.5582
          36     10.5397
          37     10.5979
          38     10.5199
          39     10.5514
          40     10.5318
          41     10.5078
          42     10.5284
          43     10.5624
          44     10.6925
          45     10.6595
          46     10.5884
          47     10.5086
          48     10.5117
          49     10.5743
          50     10.5987
          51     10.5853
          52     10.5078
          53     10.5078
          54     10.5382
          55     10.5808
          56     10.5621
          57     10.5136
          58       10.61
          59     10.5401
          60     10.5275
          61     10.5295
          62     10.5337
          63     10.5179
          64     10.6301
          65     10.6338
          66     10.6731
          67     10.6727
          68     10.6505
          69     10.5326
          70     10.5078
          71     10.5078
          72     10.5078
          73     10.5078
          74     10.5078
          75      10.545
          76     10.7558
          77     10.5855
          78       10.57
          79     10.5257
          80     10.5467
          81     10.5708
          82     10.6438
          83     10.6437
          84     10.6309
          85     10.6347
          86     10.6054
          87     10.6079
          88     10.5382
          89     10.5407
          90     10.5572
          91     10.6437
          92     10.5956
          93     10.6127
          94     10.6574
          95     10.5152
          96     10.5849
          97      10.643
          98     10.7161
          99     10.6047
           0     10.5195
           1     10.5205
           2     10.5241
           3     10.6521
           4     10.6675
           5     10.7224
           6     10.8116
           7     10.8006
           8     10.6029
           9     10.6186
          10     10.5783
          11     10.5092
          12     10.6814
          13     10.6749
          14     10.6336
          15     10.5918
          16      10.765
          17     10.7056
          18     10.6417
          19     10.6178
          20     10.6245
          21     10.5791
          22      10.592
          23     10.5772
          24     10.5495
          25     10.5585
          26     10.5366
          27     10.5325
          28     10.5229
          29     10.5537
          30     10.5543
          31     10.5078
          32     10.5327
          33     10.5234
          34     10.5692
          35     10.6409
          36      10.734
          37     10.8818
          38     10.6372
          39     10.6585
          40     10.6245
          41     10.5281
          42     10.5116
          43     10.5078
          44     10.5606
          45     10.5078
          46     10.5078
          47     10.5078
          48     10.5078
          49     10.5078
          50     10.5066
          51     10.5078
          52     10.5474
          53     10.5173
          54     10.5078
          55     10.5115
          56     10.5103
          57     10.5304
          58     10.5365
          59     10.7422
          60     10.6726
          61     10.6378
          62     10.6102
          63     10.6555
          64     10.6843
          65     10.7796
          66     10.8071
          67     10.7162
          68     10.5789
          69      10.728
          70      10.598
          71     10.5078
          72     10.6241
          73     10.6876
          74     10.6903
          75     10.6968
          76     10.8974
          77     10.6003
          78     10.7065
          79     10.5827
          80     10.6536
          81     10.5483
          82     10.5321
          83     10.5078
          84     10.5078
          85     10.5078
          86     10.5722
          87     10.5444
          88     10.5577
          89     10.5122
          90     10.5078
          91      10.525
          92     10.5214
          93     10.5547
          94     10.5331
          95      10.562
          96     10.5473
          97     10.6372
          98     10.6495
          99     10.6862
           0     10.5887
           1     10.5078
           2     10.5078
           3     10.5584
           4     10.5078
           5     10.5108
           6     10.5193
           7     10.5435
           8     10.5341
           9     10.6395
          10     10.5814
          11     10.6722
          12     10.6015
          13     10.6391
          14     10.6315
          15     10.6392
          16     10.5166
          17     10.5524
          18     10.5527
          19     10.5898
          20     10.6295
          21     10.5078
          22     10.5078
          23     10.5224
          24     10.5594
          25     10.5263
          26     10.5078
          27     10.5683
          28     10.5166
          29     10.5417
          30     10.5064
          31     10.5386
          32     10.5104
          33     10.5101
          34     10.5919
          35     10.5483
          36     10.5985
          37     10.6417
          38     10.5484
          39       10.62
          40     10.5708
          41     10.5134
          42     10.5078
          43     10.5563
          44     10.8257
          45     10.6779
          46     10.5864
          47     10.5158
          48     10.5314
          49     10.5162
          50      10.551
          51     10.5078
          52     10.5086
          53     10.5078
          54     10.5277
          55     10.5381
          56     10.5387
          57     10.6573
          58     10.5973
          59     10.5684
          60     10.5202
          61     10.5374
          62      10.552
          63     10.6264
          64     10.5642
          65     10.5916
          66     10.5272
          67      10.592
          68     10.5187
          69     10.5078
          70     10.5078
          71     10.5078
          72     10.5922
          73     10.5772
          74     10.5841
          75     10.7085
          76      10.535
          77     10.5675
          78     10.6539
          79     10.6679
          80     10.6104
          81     10.5741
          82     10.5153
          83     10.5278
          84     10.5365
          85     10.5751
          86     10.6644
          87     10.5078
          88     10.5461
          89      10.557
          90     10.5642
          91     10.6056
          92     10.5716
          93     10.5158
          94     10.5186
          95     10.5472
          96     10.5564
          97      10.564
          98     10.5147
          99     10.5085
           0     10.5078
           1     10.5078
           2     10.5078
           3     10.6212
           4     10.6304
           5     10.5579
           6     10.5551
           7     10.5095
           8     10.5223
           9     10.5078
          10     10.5078
          11     10.5078
          12     10.5364
          13     10.5804
          14     10.5987
          15     10.6577
          16     10.8783
          17     10.7919
          18     10.7217
          19     10.5907
          20      10.623
          21     10.5282
          22     10.5078
          23     10.5227
          24     10.5078
          25     10.5521
          26     10.6827
          27     10.8012
          28     10.6635
          29     10.5543
          30     10.5115
          31     10.5078
          32     10.5917
          33      10.632
          34     10.6059
          35      10.563
          36     10.5995
          37     10.6471
          38     10.6925
          39     10.6794
          40     10.6375
          41     10.5969
          42     10.5179
          43     10.5078
          44     10.5078
          45     10.5235
          46     10.6341
          47     10.5414
          48     10.5717
          49     10.5211
          50     10.5141
          51     10.5078
          52     10.5578
          53     10.5291
          54     10.5367
          55     10.5369
          56     10.7765
          57     10.7181
          58     10.6935
          59     10.6559
          60     10.7357
          61     10.5912
          62     10.6236
          63     10.5306
          64     10.5078
          65     10.5078
          66      10.525
          67     10.5078
          68     10.5066
          69     10.5459
          70     10.5228
          71     10.5988
          72     10.6347
          73     10.5608
          74     10.5238
          75     10.5078
          76      10.509
          77      10.518
          78     10.5704
          79     10.6191
          80     10.5916
          81     10.5853
          82     10.5732
          83     10.5078
          84     10.5557
          85     10.5697
          86     10.5691
          87     10.5586
          88     10.5709
          89     10.6065
          90     10.6102
          91     10.7167
          92      10.576
          93     10.5571
          94      10.539
          95       10.55
          96     10.5778
          97     10.5093
          98      10.539
          99     10.6192
           0     10.6309
           1     10.5693
           2     10.5286
           3     10.5354
           4     10.5961
           5     10.5744
           6     10.5486
           7      10.574
           8     10.5429
           9     10.5689
          10     10.6167
          11     10.5522
          12     10.5078
          13     10.5085
          14     10.5929
          15     10.6121
          16     10.6012
          17     10.5917
          18     10.5415
          19     10.5556
          20      10.545
          21     10.5281
          22     10.5359
          23     10.5078
          24      10.512
          25      10.673
          26     10.6312
          27     10.5619
          28      10.554
          29     10.5449
          30     10.5612
          31     10.6655
          32     10.6453
          33     10.6124
          34     10.7098
          35     10.6849
          36     10.5638
          37     10.6074
          38     10.5844
          39     10.5651
          40      10.509
          41     10.5089
          42     10.5496
          43     10.5739
          44     10.6084
          45      10.514
          46     10.5167
          47     10.6202
          48     10.5646
          49     10.5919
          50     10.6012
          51     10.5304
          52     10.5216
          53     10.5078
          54     10.5078
          55     10.5878
          56     10.5078
          57     10.5217
          58     10.5078
          59     10.5188
          60     10.5133
          61     10.5085
          62     10.5078
          63     10.5078
          64     10.5078
          65     10.5499
          66     10.5263
          67     10.5078
          68     10.5092
          69     10.5268
          70     10.5555
          71     10.5624
          72     10.5292
          73     10.5647
          74     10.5876
          75     10.5078
          76     10.5544
          77     10.6953
          78     10.5078
          79     10.5105
          80     10.5222
          81     10.5721
          82     10.5491
          83     10.6847
          84     10.6418
          85      10.583
          86     10.6172
          87     10.7329
          88     10.7732
          89     10.5485
          90     10.5169
          91      10.595
          92     10.6741
          93     10.6118
          94     10.6436
          95     10.5198
          96      10.582
          97     10.6015
          98     10.5688
          99     10.6037
           0     10.5591
           1     10.5787
           2     10.6168
           3     10.5529
           4     10.5618
           5     10.6907
           6     10.7221
           7     10.6507
           8     10.8076
           9     10.9674
          10     10.6937
          11     10.6002
          12     10.5734
          13     10.6064
          14     10.5396
          15     10.5466
          16     10.6027
          17      10.607
          18     10.6011
          19     10.5726
          20      10.555
          21     10.5998
          22     10.6064
          23     10.5758
          24     10.6046
          25     10.5623
          26     10.5847
          27     10.6253
          28     10.5903
          29     10.6382
          30      10.536
          31     10.5604
          32      10.549
          33     10.5139
          34     10.5767
          35      10.575
          36      10.575
          37     10.5253
          38     10.5064
          39      10.553
          40     10.5774
          41     10.6216
          42     10.5315
          43      10.508
          44     10.5281
          45     10.5544
          46     10.5078
          47     10.5078
          48     10.5416
          49     10.5078
          50     10.5194
          51      10.518
          52     10.5078
          53     10.5129
          54     10.5078
          55     10.5095
          56     10.5235
          57     10.5181
          58     10.6181
          59     10.6991
          60     10.6118
          61     10.5078
          62     10.5409
          63     10.5488
          64     10.5715
          65     10.5199
          66     10.5078
          67     10.5078
          68     10.5136
          69      10.622
          70     10.5932
          71     10.6075
          72     10.6608
          73     10.5175
          74     10.5278
          75      10.539
          76     10.6608
          77     10.6396
          78     10.6485
          79     10.5889
          80     10.5697
          81     10.5599
          82     10.5381
          83     10.5267
          84     10.5271
          85     10.5364
          86     10.7008
          87     10.7757
          88     10.6096
          89     10.5833
          90     10.5438
          91     10.5247
          92       10.52
          93     10.6161
          94     10.5587
          95     10.6307
          96     10.6365
          97     10.6749
          98     10.6895
          99     10.6004
