           0     30.1757
           1     29.2391
           2     28.3814
           3     27.9229
           4     27.6043
           5     26.7021
           6     26.1415
           7     25.1827
           8      24.575
           9     23.7907
          10     23.2289
          11     22.7185
          12     21.5323
          13     21.0075
          14     20.8783
          15     20.6301
          16     20.5123
          17     20.4681
          18     20.0869
          19     19.9387
          20      19.737
          21     19.6104
          22     19.4498
          23     18.9135
          24     18.4565
          25      18.046
          26     17.6662
          27     17.5192
          28     17.3878
          29     17.6022
          30     17.4429
          31     17.3442
          32     17.1437
          33     17.1597
          34     17.1273
          35     17.1912
          36       17.27
          37     17.2414
          38     17.0191
          39     16.9923
          40     16.9421
          41     16.9275
          42     16.8077
          43     16.8251
          44     16.6477
          45       16.58
          46     16.5935
          47     16.5357
          48     16.5035
          49     16.4628
          50     16.4452
          51     16.4152
          52     16.4125
          53     16.4605
          54     16.4313
          55     16.4574
          56     16.5061
          57     16.3489
          58     16.3413
          59     16.3769
          60     16.3485
          61     16.3453
          62     16.3624
          63     16.4807
          64     16.5213
          65     16.7251
          66     16.7211
          67     16.7721
          68     16.6645
          69     16.4816
          70     16.5567
          71     16.4791
          72     16.4229
          73     16.4355
          74     16.4108
          75     16.4684
          76     16.4988
          77     16.6682
          78     16.6432
          79     16.4571
          80     16.3806
          81     16.2567
          82     16.0442
          83     15.9875
          84     15.9512
          85     15.8649
          86     15.7337
          87     15.4791
          88     15.3529
          89     15.1328
          90     15.0931
          91     15.1084
          92      14.867
          93     14.7438
          94     14.5971
          95     14.5269
          96     14.4285
          97     14.4054
          98     14.1911
          99     14.0884
           0      13.993
           1     13.9828
           2     13.8774
           3     13.8204
           4     13.9021
           5     14.1267
           6     14.2545
           7     14.0572
           8     13.9645
           9     13.8381
          10     13.8219
          11     13.9327
          12     13.8281
          13     13.8343
          14     13.9092
          15     13.8508
          16     13.7946
          17     13.7784
          18     13.7527
          19     13.8089
          20     13.9075
          21     13.8032
          22     13.8662
          23     13.9307
          24       13.91
          25     13.8055
          26      13.728
          27     13.6896
          28       13.74
          29     13.7472
          30      13.796
          31     13.6695
          32     13.7121
          33     13.7148
          34     13.7188
          35     13.7646
          36     13.7217
          37     13.7302
          38     13.7064
          39      13.737
          40      13.793
          41     13.7224
          42     13.7538
          43     13.7542
          44     13.7791
          45     13.8477
          46     13.7118
          47     13.7118
          48     13.7941
          49     13.7366
          50     13.7114
          51     13.7283
          52      13.835
          53     13.8511
          54     13.7749
          55     13.7629
          56     13.7118
          57     13.7116
          58     13.7925
          59     13.7112
          60     13.9191
          61     13.7101
          62     13.8215
          63     13.7658
          64     13.7803
          65     13.7206
          66     13.7118
          67     13.7298
          68     13.7232
          69     13.7218
          70     13.7718
          71     13.7559
          72     13.7118
          73     13.7118
          74      13.877
          75     13.9134
          76     14.0285
          77     13.8495
          78     13.8118
          79     13.7316
          80     13.7221
          81     13.7112
          82     13.7118
          83     13.7118
          84     13.7109
          85     13.7445
          86     13.7937
          87     13.8064
          88      13.773
          89     13.7758
          90     13.7161
          91     13.7206
          92     13.7261
          93      13.761
          94     13.7154
          95     13.7285
          96     13.7559
          97     13.7559
          98     13.5099
          99     13.2615
           0     13.0791
           1     12.9469
           2     13.1151
           3     13.1535
           4     13.1674
           5     13.1962
           6     13.0658
           7     12.9938
           8     12.9901
           9     13.0086
          10     13.0674
          11      13.024
          12     13.0159
          13     13.0354
          14     12.9682
          15     13.1437
          16     13.3201
          17      13.175
          18     13.1088
          19     13.0903
          20      13.205
          21      13.286
          22     13.1492
          23     13.0509
          24     13.0284
          25     13.0075
          26     12.9932
          27     13.1153
          28     13.0864
          29     12.9243
          30     12.8162
          31     12.7058
          32     12.6789
          33     12.7397
          34     12.7397
          35     12.6412
          36     12.6633
          37     12.5963
          38      12.583
          39     12.6435
          40     12.6609
          41     12.6519
          42     12.5979
          43     12.6546
          44     12.6048
          45      12.648
          46     12.6166
          47     12.6769
          48     12.6315
          49      12.678
          50     12.6606
          51      12.583
          52     12.6217
          53      12.583
          54     12.6484
          55     12.7024
          56      12.583
          57      12.616
          58      12.676
          59     12.6479
          60     12.6203
          61      12.583
          62     12.5832
          63      12.619
          64     12.6008
          65     12.6234
          66      12.583
          67      12.583
          68     12.7869
          69     12.8528
          70     12.7169
          71     12.6533
          72     12.6545
          73     12.6024
          74     12.6385
          75     12.6253
          76      12.583
          77     12.6617
          78     12.6874
          79     12.6137
          80     12.6082
          81     12.6822
          82     12.6715
          83     12.8194
          84     12.9022
          85     12.8583
          86     12.7803
          87     12.6972
          88       12.83
          89     12.6797
          90     12.5949
          91      12.583
          92      12.583
          93     12.6034
          94     12.5883
          95     12.7403
          96     12.7222
          97     12.7876
          98     12.8205
          99     12.9161
           0     12.8511
           1     12.6898
           2     12.6062
           3     12.6764
           4     12.8095
           5     12.6903
           6      12.758
           7     12.7491
           8     12.6283
           9      12.659
          10     12.6444
          11     12.6445
          12     12.5894
          13     12.5935
          14     12.5858
          15     12.6061
          16      12.679
          17      12.695
          18     12.7325
          19     12.9343
          20     12.8377
          21     12.7212
          22     12.7569
          23     12.7161
          24     12.7161
          25      12.815
          26     12.7859
          27     12.8933
          28     12.7529
          29     12.7006
          30     12.7436
          31     12.6314
          32     12.6299
          33      12.583
          34     12.5927
          35     12.6157
          36      12.651
          37     12.6377
          38     12.6816
          39     12.6318
          40     12.7131
          41     12.6048
          42     12.5929
          43     12.6701
          44     12.6001
          45     12.6354
          46     12.6087
          47     12.6514
          48     12.7374
          49     12.6345
          50     12.6999
          51     12.6169
          52     12.6478
          53     12.8041
          54     12.6552
          55     12.6389
          56     12.6192
          57     12.6689
          58     12.6148
          59     12.6796
          60     12.7056
          61     12.6694
          62     12.6222
          63      12.619
          64     12.5832
          65     12.5832
          66     12.6262
          67     12.6696
          68     12.5971
          69     12.7527
          70     12.6701
          71     12.7065
          72     12.5972
          73      12.751
          74     12.5834
          75      12.583
          76      12.583
          77     12.6092
          78     12.6814
          79     12.7371
          80     12.6681
          81     12.6209
          82     12.6561
          83     12.6031
          84     12.8108
          85     12.6788
          86     12.8827
          87     12.7015
          88     12.6202
          89     12.6042
          90      12.583
          91      12.583
          92      12.583
          93     12.6159
          94      12.583
          95      12.583
          96     12.6164
          97      12.625
          98      12.628
          99     12.6179
           0     12.6226
           1     12.7113
           2      12.648
           3     12.6941
           4     12.6717
           5      12.624
           6      12.606
           7     12.5923
           8      12.652
           9     12.5927
          10     12.6074
          11     12.5963
          12     12.6456
          13     12.6909
          14     12.6553
          15     12.6831
          16     12.7817
          17     12.7262
          18     12.6454
          19     12.6742
          20     12.8349
          21     12.7533
          22     12.7625
          23     12.8116
          24      12.737
          25     12.6837
          26     12.5846
          27     12.5836
          28     12.6761
          29     12.6749
          30     12.7247
          31      12.583
          32     12.6322
          33     12.5832
          34     12.6498
          35      12.583
          36     12.6116
          37     12.6054
          38     12.5911
          39     12.5916
          40     12.6926
          41     12.6215
          42     12.8904
          43     12.8155
          44     12.9328
          45     12.8225
          46     12.6466
          47     12.7323
          48     12.8253
          49     12.6561
          50     12.6628
          51      12.596
          52      12.583
          53     12.6148
          54     12.6699
          55     12.6288
          56     12.7871
          57      12.696
          58     12.6799
          59     12.6083
          60     12.6463
          61     12.6419
          62     12.9131
          63     12.7783
          64     12.7608
          65     12.6935
          66      12.714
          67     12.8207
          68     12.9092
          69      12.583
          70     12.6456
          71     12.6817
          72      12.583
          73     12.5834
          74     12.6513
          75     12.6148
          76     12.7178
          77     12.7206
          78     12.7898
          79     12.6202
          80     12.6148
          81     12.7276
          82      12.642
          83     12.6002
          84     12.6032
          85     12.6476
          86     12.6425
          87     12.6486
          88     12.7242
          89     12.7601
          90     12.8147
          91      12.664
          92     12.6358
          93      12.583
          94      12.583
          95      12.583
          96      12.583
          97     12.6988
          98     12.6822
          99      12.583
           0     12.6623
           1     12.7159
           2     12.6073
           3     12.7401
           4     12.6572
           5     12.7041
           6     12.6194
           7     12.5946
           8     12.6094
           9      12.614
          10     12.7124
          11     12.6882
          12     12.7007
          13     12.7441
          14     12.6741
          15     12.6205
          16     12.7177
          17     12.6532
          18     12.6305
          19     12.6717
          20      12.583
          21     12.6526
          22     12.5844
          23     12.5893
          24     12.7528
          25      12.602
          26     12.6356
          27     12.6747
          28      12.604
          29      12.583
          30      12.583
          31     12.5825
          32     12.5825
          33     12.5818
          34      12.583
          35     12.5899
          36     12.5852
          37     12.5953
          38     12.5974
          39     12.6501
          40     12.6231
          41     12.6097
          42     12.5937
          43     12.6093
          44     12.6105
          45     12.6127
          46     12.7407
          47     12.6118
          48     12.6967
          49      12.672
          50     12.7021
          51     12.7155
          52     12.6687
          53     12.6032
          54      12.583
          55     12.5962
          56     12.5991
          57     12.7322
          58     12.6905
          59     12.6186
          60     12.6235
          61     12.6729
          62     12.7047
          63      12.583
          64      12.583
          65     12.6427
          66      12.719
          67     12.7318
          68     12.6424
          69     12.6592
          70      12.754
          71     12.7293
          72      12.615
          73      12.583
          74     12.7036
          75      12.583
          76      12.583
          77     12.6012
          78      12.583
          79     12.5834
          80      12.583
          81     12.5998
          82     12.6373
          83     12.7316
          84     12.6328
          85     12.5956
          86     12.5834
          87     12.5859
          88      12.583
          89     12.5872
          90      12.583
          91      12.583
          92      12.583
          93      12.583
          94     12.6105
          95      12.583
          96     12.6174
          97     12.6861
          98     12.7029
          99     12.7161
           0     12.5836
           1     12.6392
           2     12.6894
           3     12.8035
           4     12.7177
           5     12.6218
           6     12.7198
           7     12.7399
           8     12.6083
           9     12.6053
          10      12.583
          11      12.624
          12     12.6538
          13     12.7941
          14     12.8203
          15     12.6794
          16     12.6579
          17     12.6729
          18     12.6207
          19     12.5855
          20     12.7004
          21     12.8313
          22     12.8038
          23     12.8518
          24     12.7765
          25     12.7554
          26     12.7481
          27     12.7834
          28     12.8476
          29      12.649
          30     12.6601
          31     12.6295
          32     12.6115
          33     12.6358
          34     12.5868
          35      12.583
          36     12.6164
          37     12.5967
          38     12.5899
          39     12.7507
          40     12.6133
          41     12.5838
          42      12.583
          43      12.583
          44      12.583
          45     12.6348
          46      12.587
          47      12.583
          48      12.583
          49      12.583
          50      12.583
          51      12.583
          52     12.6023
          53     12.6512
          54     12.7167
          55     12.6631
          56      12.583
          57     12.5832
          58     12.5836
          59     12.5832
          60     12.5818
          61     12.5825
          62     12.6767
          63      12.638
          64     12.7033
          65     12.7545
          66     12.7075
          67     12.6062
          68     12.6596
          69      12.616
          70     12.6354
          71     12.7366
          72     12.6559
          73      12.583
          74     12.5971
          75      12.651
          76     12.6429
          77     12.7035
          78     12.6237
          79      12.628
          80     12.6447
          81     12.8964
          82     12.6463
          83     12.7599
          84     12.6947
          85     12.6817
          86     12.6423
          87      12.735
          88     12.6902
          89     12.6396
          90      12.669
          91     12.8836
          92     12.7452
          93     12.7088
          94     12.6777
          95     12.6633
          96      12.636
          97     12.5878
          98      12.583
          99     12.5928
           0     12.6468
           1     12.6586
           2     12.7234
           3     12.7993
           4     12.5849
           5     12.6268
           6      12.583
           7     12.5933
           8      12.583
           9      12.583
          10     12.6027
          11      12.606
          12     12.7775
          13     12.6958
          14     12.6472
          15     12.6619
          16     12.6142
          17       12.59
          18     12.5883
          19     12.5897
          20      12.583
          21     12.5832
          22     12.6584
          23      12.583
          24     12.6166
          25     12.6025
          26     12.7225
          27      12.585
          28      12.583
          29     12.5825
          30     12.5835
          31     12.6139
          32      12.583
          33     12.5857
          34     12.7587
          35     12.9199
          36     12.7303
          37     12.7588
          38     12.6483
          39     12.6393
          40     12.6025
          41     12.6932
          42     12.7631
          43     12.9189
          44     12.7607
          45     12.6497
          46     12.6322
          47     12.5884
          48     12.6554
          49     12.9642
          50     12.7351
          51     12.7813
          52     12.7559
          53     12.6356
          54      12.723
          55     12.6005
          56     12.7091
          57     12.8042
          58     12.6697
          59     12.6139
          60     12.6157
          61      12.599
          62     12.7303
          63     12.7642
          64     12.6161
          65      12.583
          66     12.5999
          67     12.5978
          68     12.6567
          69     12.6654
          70     12.6084
          71     12.5939
          72     12.6668
          73      12.583
          74      12.583
          75      12.616
          76     12.5908
          77     12.6009
          78     12.7236
          79     12.6693
          80     12.6981
          81      12.583
          82      12.583
          83     12.5818
          84     12.6046
          85     12.6062
          86     12.6653
          87     12.6106
          88     12.6034
          89     12.7349
          90     12.6553
          91     12.7936
          92     12.6375
          93     12.7656
          94     12.7277
          95     13.0915
          96     12.7447
          97       12.65
          98     12.6499
          99     12.6202
           0     12.6475
           1     12.6487
           2     12.7817
           3     12.6187
           4     12.7132
           5     12.5838
           6     12.6426
           7     12.5832
           8      12.583
           9     12.6376
          10     12.6736
          11     12.6257
          12     12.7098
          13     12.7794
          14      12.637
          15     12.6351
          16     12.6163
          17      12.583
          18      12.583
          19     12.6012
          20     12.6704
          21      12.583
          22      12.583
          23      12.608
          24     12.6236
          25     12.6848
          26     12.6076
          27     12.5877
          28      12.628
          29     12.6122
          30     12.5897
          31     12.5825
          32     12.6032
          33       12.59
          34      12.639
          35     12.6218
          36     12.6551
          37     12.8041
          38      12.814
          39     12.6391
          40     12.7145
          41     12.6806
          42     12.8392
          43     12.5917
          44     12.6863
          45      12.583
          46      12.687
          47     12.6206
          48     12.6207
          49     12.6168
          50     12.6777
          51     12.6632
          52     12.6843
          53     12.6395
          54     12.6303
          55      12.583
          56      12.583
          57     12.6276
          58     12.6793
          59     12.7501
          60     12.5825
          61     12.5993
          62     12.6916
          63     12.6179
          64      12.583
          65      12.583
          66      12.583
          67      12.583
          68     12.6462
          69     12.5829
          70     12.6385
          71      12.583
          72     12.5951
          73     12.6877
          74     12.6861
          75     12.6608
          76     12.6568
          77     12.5919
          78      12.583
          79     12.5898
          80     12.6633
          81     12.6883
          82     12.6462
          83     12.5986
          84     12.6085
          85      12.583
          86      12.642
          87     12.5901
          88     12.6514
          89     12.7642
          90     12.6122
          91     12.6936
          92     12.8205
          93     12.6483
          94     12.5884
          95     12.6329
          96     12.6117
          97     12.5828
          98     12.6154
          99      12.583
           0      12.583
           1     12.5825
           2     12.5825
           3     12.5825
           4     12.6247
           5     12.6197
           6     12.5919
           7     12.6421
           8     12.5962
           9     12.6317
          10     12.6392
          11     12.8446
          12     12.9403
          13     12.8159
          14     12.8127
          15     13.0164
          16     12.7351
          17     12.6058
          18      12.602
          19     12.5897
          20     12.7124
          21     12.8442
          22     12.8142
          23     12.7714
          24     12.7999
          25     12.9616
          26     12.7233
          27     12.6235
          28     12.7408
          29     12.6936
          30      12.583
          31      12.583
          32     12.6882
          33     12.8011
          34     12.8098
          35     12.6103
          36      12.583
          37      12.583
          38     12.6243
          39     12.7853
          40     12.6798
          41     12.7035
          42     12.7578
          43      12.724
          44     12.8204
          45     12.6445
          46     12.5936
          47      12.583
          48     12.5903
          49     12.6218
          50     12.6154
          51     12.6962
          52     12.8725
          53     12.6364
          54      12.583
          55      12.612
          56     12.6238
          57     12.6752
          58     12.6901
          59     12.8192
          60     12.7501
          61     12.8005
          62     12.7425
          63     12.7346
          64     12.7857
          65     12.7924
          66     12.6434
          67     12.5956
          68      12.583
          69      12.583
          70     12.6156
          71     12.6546
          72     12.7067
          73     12.5886
          74      12.583
          75     12.5939
          76     12.6102
          77     12.6881
          78     12.6456
          79     12.6913
          80     12.6397
          81     12.6452
          82     12.7363
          83     12.7103
          84     12.7381
          85     12.6827
          86      12.711
          87     12.6288
          88     12.6074
          89     12.6815
          90      12.683
          91     12.7385
          92     12.6303
          93     12.6323
          94      12.583
          95      12.583
          96      12.583
          97     12.6084
          98     12.7413
          99     12.7701
