           0      32.328
           1     31.2124
           2      29.992
           3     29.5483
           4     28.5134
           5     27.7906
           6     26.9249
           7     26.1299
           8     25.8627
           9     25.0588
          10     24.7648
          11     24.3631
          12     24.0672
          13     23.4164
          14     23.2682
          15     22.6953
          16      22.269
          17     21.4997
          18       21.14
          19     20.9291
          20     20.4275
          21      19.747
          22     19.1593
          23     18.6888
          24     18.2134
          25     17.4852
          26     17.2005
          27     17.1397
          28     17.0338
          29     16.7389
          30     16.3932
          31     16.0695
          32     15.7603
          33     15.4582
          34     15.0678
          35     14.9187
          36     14.7664
          37     14.7065
          38     14.7712
          39     14.7634
          40     14.7997
          41     14.7034
          42     14.6234
          43     14.4483
          44     14.6363
          45     14.7264
          46     14.5938
          47     14.4685
          48     14.2608
          49     14.0211
          50     13.7571
          51     13.4709
          52     13.3695
          53      13.368
          54     13.2196
          55     13.2968
          56     13.1398
          57     13.1389
          58     13.0619
          59     12.7241
          60     12.7593
          61      12.578
          62     12.4225
          63     12.2471
          64     12.2774
          65      12.143
          66      11.978
          67     11.9694
          68     11.8932
          69     11.8636
          70     11.6923
          71     11.6451
          72      11.494
          73     11.4162
          74     11.3206
          75     11.2395
          76     11.1773
          77     11.1398
          78     11.1133
          79     11.0875
          80     11.0875
          81     11.1471
          82     11.1045
          83     11.1801
          84     11.1988
          85     11.2628
          86     11.1946
          87     11.4453
          88     11.2391
          89     11.0982
          90     10.9583
          91     10.8242
          92     10.8287
          93     10.7979
          94     10.8665
          95     10.9811
          96     10.8272
          97     10.8133
          98     10.9595
          99     10.9269
           0     10.9463
           1     10.8387
           2     10.9224
           3     10.9669
           4     10.7824
           5     10.8279
           6     10.9827
           7     10.8408
           8     10.8052
           9     10.7595
          10     10.8062
          11     10.8607
          12     10.7731
          13     10.7847
          14     10.8241
          15     10.8019
          16     10.8534
          17     10.8747
          18      10.774
          19     10.8417
          20     10.7688
          21     10.7595
          22     10.7988
          23      10.924
          24     10.8663
          25     10.8288
          26     10.7854
          27      10.874
          28     10.8036
          29      10.837
          30     10.8142
          31     10.7926
          32     10.9215
          33     10.8747
          34     10.9305
          35      10.912
          36     10.7676
          37     10.8549
          38       10.88
          39     10.9968
          40     10.9795
          41     10.7718
          42     10.8176
          43     10.8166
          44     10.8229
          45     10.8053
          46     10.8215
          47     11.0226
          48     10.9221
          49     10.9912
          50     10.9859
          51     10.9967
          52     10.9728
          53     10.9569
          54     10.8861
          55     10.8472
          56     10.8702
          57     10.8898
          58      10.841
          59     10.8441
          60      10.931
          61     10.9395
          62     10.8939
          63     10.8127
          64     10.7865
          65     10.8414
          66     10.8207
          67     10.8636
          68     10.7764
          69     10.7595
          70     10.8586
          71     10.7889
          72     10.8029
          73     10.7595
          74     10.7731
          75     10.7595
          76     10.7595
          77     10.7595
          78     10.7595
          79     10.8552
          80     10.8003
          81     10.7666
          82     10.7764
          83     10.8527
          84     11.0338
          85     11.1192
          86     11.2645
          87     11.1818
          88     11.2322
          89     11.0723
          90     10.9953
          91     10.9719
          92     10.8975
          93     10.9185
          94     11.0345
          95      11.255
          96     11.1267
          97     11.0765
          98     11.1751
          99     11.0235
           0     10.9174
           1     10.7958
           2     10.8449
           3     10.7697
           4     10.8805
           5     10.7623
           6     10.7747
           7     10.8079
           8     10.8526
           9     10.8718
          10     10.8375
          11     10.8061
          12     10.6541
          13     10.6829
          14      10.719
          15     10.8105
          16     10.8729
          17     10.6787
          18     10.7521
          19     10.7503
          20     10.8684
          21     10.8396
          22     10.6765
          23     10.6011
          24     10.7037
          25     10.8994
          26      10.738
          27     10.8506
          28     10.9026
          29     11.1862
          30     10.8229
          31     10.6879
          32     10.5897
          33     10.6084
          34     10.6158
          35     10.5949
          36      10.591
          37     10.7423
          38     10.7694
          39     10.6321
          40     10.6115
          41     10.7403
          42     10.9179
          43     11.0238
          44     11.1395
          45     11.1882
          46     11.2922
          47     10.9391
          48     10.7052
          49     10.7045
          50     10.7796
          51     10.5008
          52     10.4953
          53     10.5171
          54      10.588
          55     10.6729
          56     10.4373
          57     10.4068
          58     10.4434
          59     10.4326
          60     10.3991
          61     10.3297
          62     10.3547
          63     10.2742
          64     10.3785
          65      10.458
          66     10.2815
          67     10.1646
          68     10.1586
          69     10.2266
          70     10.2188
          71     10.2098
          72     10.2619
          73     10.2386
          74     10.1958
          75     10.1547
          76     10.1535
          77     10.1485
          78     10.1469
          79     10.1469
          80     10.1469
          81     10.1661
          82     10.1837
          83     10.3756
          84     10.2262
          85     10.2309
          86     10.1749
          87     10.1852
          88     10.2773
          89     10.1732
          90     10.3356
          91     10.1469
          92     10.1688
          93     10.2999
          94     10.3873
          95     10.3244
          96     10.2016
          97     10.1469
          98     10.1587
          99      10.176
           0     10.2055
           1     10.1469
           2     10.2563
           3     10.1833
           4     10.2435
           5       10.21
           6     10.1615
           7     10.1801
           8     10.2049
           9     10.2479
          10     10.3478
          11        10.3
          12     10.3014
          13     10.2467
          14     10.2127
          15     10.2898
          16     10.1555
          17     10.2396
          18     10.2468
          19      10.167
          20     10.1554
          21     10.1754
          22     10.2482
          23     10.1469
          24     10.1567
          25     10.1469
          26     10.1469
          27     10.1519
          28     10.1924
          29     10.2127
          30     10.2011
          31     10.2021
          32     10.2461
          33     10.1755
          34     10.2297
          35      10.281
          36     10.2284
          37     10.2348
          38     10.2542
          39     10.2533
          40     10.1997
          41     10.3332
          42     10.3581
          43     10.2141
          44     10.1965
          45     10.1469
          46     10.1469
          47     10.1469
          48     10.1469
          49     10.1469
          50     10.1469
          51     10.1517
          52     10.1469
          53     10.2168
          54     10.2436
          55     10.3671
          56      10.299
          57     10.3177
          58     10.2628
          59     10.1469
          60     10.2115
          61     10.1577
          62     10.1619
          63     10.2464
          64     10.2229
          65     10.3215
          66     10.3287
          67      10.292
          68     10.1999
          69     10.2726
          70     10.1743
          71      10.211
          72     10.1519
          73     10.2738
          74     10.1719
          75     10.1746
          76     10.1914
          77     10.1831
          78     10.1572
          79     10.1516
          80     10.1559
          81     10.1979
          82     10.2814
          83     10.2889
          84     10.2628
          85     10.2564
          86      10.303
          87     10.1563
          88     10.1517
          89     10.1694
          90     10.1469
          91     10.1469
          92     10.1469
          93     10.1866
          94     10.1696
          95     10.1581
          96     10.1979
          97     10.2013
          98     10.1469
          99     10.1567
           0     10.1998
           1     10.2244
           2     10.2948
           3     10.2457
           4      10.203
           5     10.2263
           6     10.1974
           7     10.1877
           8     10.4238
           9     10.3975
          10     10.1756
          11     10.1469
          12     10.2035
          13     10.2317
          14     10.3799
          15     10.2615
          16       10.16
          17     10.1591
          18     10.1758
          19     10.1954
          20     10.1469
          21     10.1469
          22     10.1469
          23     10.1707
          24     10.1583
          25     10.1646
          26     10.1469
          27     10.1655
          28     10.1672
          29     10.1469
          30     10.1578
          31      10.157
          32     10.1469
          33      10.155
          34     10.2187
          35     10.1509
          36     10.1586
          37     10.1674
          38     10.1871
          39      10.301
          40     10.1903
          41     10.3066
          42       10.23
          43     10.2953
          44     10.1469
          45     10.1469
          46     10.1565
          47     10.1469
          48     10.1469
          49     10.2115
          50     10.2547
          51     10.3213
          52     10.2866
          53     10.2718
          54     10.2296
          55     10.2997
          56     10.2105
          57     10.2159
          58     10.1814
          59     10.1928
          60     10.1985
          61      10.266
          62     10.1469
          63      10.188
          64     10.2893
          65     10.2071
          66      10.287
          67     10.3968
          68     10.1806
          69     10.2991
          70     10.3536
          71     10.1593
          72     10.1945
          73     10.2155
          74      10.219
          75     10.1469
          76     10.1469
          77     10.1517
          78     10.2276
          79     10.2066
          80     10.1842
          81     10.1469
          82     10.1469
          83     10.1644
          84     10.2061
          85      10.374
          86     10.3838
          87     10.2051
          88     10.1618
          89     10.1505
          90     10.1469
          91     10.2734
          92     10.1571
          93     10.1506
          94     10.1489
          95     10.1468
          96     10.2004
          97     10.1955
          98     10.1469
          99     10.1469
           0     10.1537
           1     10.1713
           2     10.2092
           3     10.1519
           4      10.173
           5     10.1681
           6     10.2847
           7     10.2924
           8     10.2639
           9     10.2883
          10     10.2864
          11     10.3291
          12     10.2814
          13     10.2246
          14     10.1496
          15      10.159
          16     10.1636
          17     10.1722
          18      10.309
          19     10.2063
          20     10.1561
          21     10.2468
          22      10.426
          23      10.453
          24     10.4181
          25      10.356
          26     10.3291
          27     10.3832
          28     10.4354
          29     10.2879
          30     10.4896
          31     10.4571
          32     10.3502
          33     10.2083
          34     10.1871
          35     10.1838
          36      10.221
          37     10.2096
          38     10.3004
          39     10.1848
          40     10.3041
          41     10.4051
          42     10.5874
          43     10.5243
          44     10.4424
          45     10.4548
          46     10.3073
          47     10.1848
          48     10.1488
          49     10.1707
          50     10.2316
          51     10.1951
          52     10.1469
          53     10.1682
          54     10.1469
          55     10.1718
          56     10.1906
          57     10.4085
          58      10.353
          59      10.282
          60     10.1946
          61     10.2987
          62     10.1999
          63     10.1895
          64     10.2266
          65     10.3483
          66     10.1952
          67     10.2444
          68     10.1575
          69     10.2471
          70     10.2871
          71     10.2076
          72     10.3165
          73     10.1752
          74     10.1469
          75     10.2396
          76     10.2804
          77     10.2454
          78     10.2254
          79     10.1469
          80     10.1763
          81     10.3121
          82     10.3093
          83     10.1671
          84     10.2231
          85     10.1781
          86     10.2213
          87     10.1762
          88     10.2117
          89     10.2224
          90     10.2598
          91     10.1983
          92     10.2537
          93     10.1868
          94     10.1588
          95     10.2544
          96     10.1468
          97     10.1845
          98      10.179
          99     10.2784
           0     10.2827
           1     10.1573
           2     10.2274
           3     10.1963
           4     10.1809
           5     10.1469
           6     10.1472
           7     10.1469
           8     10.1469
           9     10.1566
          10     10.1469
          11     10.1912
          12     10.2372
          13     10.1979
          14     10.2127
          15     10.1724
          16     10.1512
          17     10.1599
          18     10.1533
          19     10.2553
          20     10.2691
          21     10.3243
          22     10.1886
          23     10.1469
          24      10.154
          25     10.1795
          26     10.1729
          27     10.1622
          28     10.3642
          29     10.3152
          30     10.2251
          31     10.2372
          32     10.2687
          33     10.5051
          34     10.3356
          35     10.2165
          36     10.2448
          37     10.1502
          38       10.15
          39     10.2388
          40     10.3216
          41     10.3239
          42     10.2315
          43     10.1684
          44     10.1611
          45     10.2174
          46     10.3213
          47     10.3157
          48     10.2468
          49     10.1489
          50      10.177
          51     10.3002
          52     10.4274
          53     10.2788
          54     10.2301
          55     10.1706
          56     10.2125
          57     10.1942
          58     10.2232
          59      10.189
          60     10.1908
          61     10.1738
          62     10.2577
          63     10.1649
          64     10.1469
          65     10.2021
          66     10.1504
          67     10.2765
          68     10.2704
          69     10.2254
          70     10.2688
          71     10.2108
          72     10.2055
          73     10.2992
          74     10.2215
          75     10.1638
          76     10.2309
          77     10.1776
          78     10.2425
          79     10.1601
          80     10.1505
          81     10.1469
          82     10.1469
          83     10.1469
          84     10.1469
          85     10.1605
          86     10.1977
          87     10.2207
          88     10.2258
          89     10.1469
          90     10.1469
          91     10.1469
          92     10.1468
          93     10.1469
          94     10.1469
          95     10.2186
          96      10.169
          97     10.1962
          98     10.1721
          99     10.1807
           0     10.1494
           1      10.153
           2     10.1656
           3     10.1669
           4     10.1883
           5     10.1722
           6     10.1887
           7     10.2577
           8     10.3128
           9     10.1629
          10     10.3045
          11     10.4177
          12      10.377
          13      10.373
          14     10.1861
          15     10.2164
          16     10.2139
          17      10.263
          18     10.1536
          19     10.2102
          20      10.279
          21     10.1774
          22     10.2011
          23     10.1654
          24     10.2131
          25     10.4808
          26     10.3508
          27     10.3277
          28     10.3537
          29       10.32
          30     10.3624
          31      10.188
          32     10.1518
          33     10.1469
          34     10.3153
          35     10.2533
          36     10.1905
          37     10.2321
          38     10.1539
          39      10.155
          40     10.2434
          41     10.1674
          42     10.2619
          43     10.3559
          44     10.1891
          45     10.2913
          46     10.3098
          47     10.3164
          48     10.2558
          49     10.2687
          50     10.1907
          51     10.2266
          52     10.2147
          53      10.171
          54     10.1558
          55     10.2084
          56     10.1497
          57     10.1525
          58     10.1597
          59     10.1766
          60     10.2216
          61     10.1737
          62     10.4708
          63     10.3069
          64     10.2457
          65     10.2383
          66      10.159
          67     10.1941
          68     10.1815
          69     10.2755
          70     10.1883
          71     10.2429
          72     10.3072
          73     10.2571
          74     10.2352
          75     10.3306
          76     10.3848
          77     10.1737
          78     10.2046
          79     10.2582
          80      10.403
          81     10.3019
          82     10.2402
          83     10.2444
          84     10.1469
          85     10.3124
          86        10.3
          87     10.1986
          88     10.1833
          89      10.223
          90     10.2831
          91     10.3373
          92     10.2137
          93     10.3299
          94     10.1621
          95     10.2351
          96     10.3895
          97     10.3559
          98     10.3405
          99     10.2839
           0      10.356
           1     10.2768
           2     10.1909
           3     10.3264
           4     10.2036
           5     10.1899
           6     10.1607
           7     10.2019
           8     10.1615
           9     10.2085
          10     10.1469
          11     10.1546
          12     10.1469
          13       10.17
          14      10.195
          15     10.2329
          16     10.1904
          17     10.3099
          18     10.2516
          19     10.1685
          20     10.1571
          21      10.283
          22     10.3452
          23     10.1797
          24     10.1553
          25     10.1747
          26     10.1601
          27     10.1919
          28     10.2548
          29     10.2409
          30     10.2093
          31     10.3102
          32     10.4061
          33     10.2829
          34     10.1778
          35     10.1743
          36     10.1703
          37     10.2527
          38     10.2055
          39     10.2146
          40      10.159
          41     10.1469
          42     10.1469
          43     10.1776
          44     10.1505
          45     10.1469
          46     10.1469
          47     10.1469
          48     10.1509
          49     10.1489
          50     10.1925
          51     10.2042
          52     10.2507
          53      10.367
          54     10.1788
          55     10.1856
          56     10.2751
          57     10.2414
          58     10.2338
          59     10.1529
          60      10.198
          61     10.1485
          62     10.1914
          63      10.301
          64     10.2169
          65     10.2662
          66     10.1582
          67      10.379
          68     10.3384
          69     10.2981
          70     10.2691
          71     10.2495
          72     10.2756
          73     10.1516
          74     10.1469
          75     10.1523
          76     10.1575
          77     10.2268
          78     10.2081
          79     10.2337
          80       10.24
          81     10.1833
          82     10.1968
          83     10.3316
          84      10.206
          85     10.1808
          86     10.1469
          87     10.3686
          88     10.1874
          89     10.2296
          90      10.239
          91     10.1837
          92      10.198
          93     10.1767
          94     10.1469
          95     10.1469
          96     10.2842
          97      10.199
          98     10.1583
          99     10.2358
           0     10.4018
           1     10.4886
           2     10.4583
           3     10.2436
           4     10.3793
           5     10.3089
           6     10.2381
           7      10.148
           8     10.1469
           9     10.2112
          10     10.1731
          11     10.2269
          12     10.2413
          13     10.2719
          14     10.2271
          15     10.2143
          16     10.2334
          17     10.3592
          18     10.4137
          19     10.1753
          20     10.3094
          21     10.1798
          22     10.1569
          23     10.1751
          24     10.1718
          25     10.1472
          26     10.1656
          27     10.1576
          28     10.1707
          29     10.1595
          30      10.238
          31     10.2366
          32     10.2196
          33     10.1652
          34     10.1895
          35     10.1994
          36     10.1661
          37     10.1656
          38     10.2044
          39     10.2028
          40     10.2635
          41      10.266
          42     10.3204
          43     10.3424
          44      10.258
          45     10.2318
          46     10.1798
          47     10.2116
          48     10.2566
          49     10.2853
          50     10.1955
          51     10.2366
          52     10.1662
          53     10.1709
          54      10.215
          55      10.241
          56     10.2573
          57     10.2059
          58     10.2247
          59     10.1857
          60     10.2685
          61     10.1854
          62     10.1887
          63     10.1664
          64     10.1601
          65     10.2853
          66     10.1469
          67     10.1469
          68     10.1507
          69     10.1974
          70     10.1789
          71     10.1954
          72     10.5417
          73     10.2055
          74     10.3013
          75      10.155
          76     10.1509
          77     10.1469
          78     10.1469
          79     10.1469
          80     10.1833
          81     10.4111
          82     10.2831
          83     10.2479
          84     10.1509
          85     10.2002
          86     10.1838
          87     10.2469
          88     10.2139
          89     10.1469
          90     10.1572
          91     10.2412
          92     10.3316
          93     10.3478
          94     10.2283
          95     10.2242
          96     10.1883
          97     10.1863
          98     10.3093
          99      10.394
