           0     28.7199
           1     27.4581
           2     26.8713
           3     25.8882
           4     25.0006
           5     23.9282
           6     23.1956
           7     22.9292
           8     22.2496
           9     21.8571
          10     21.6504
          11     21.4887
          12     21.2249
          13     20.8929
          14     20.6418
          15     20.3988
          16     20.2843
          17     20.2043
          18     19.5294
          19     19.3466
          20     19.1798
          21      19.067
          22     19.0304
          23     18.8987
          24     18.8693
          25     18.5652
          26     18.0792
          27     17.9214
          28      17.846
          29     17.7815
          30     17.7717
          31     17.9939
          32     17.7865
          33     17.6271
          34      17.513
          35     17.6568
          36     17.6732
          37     17.7142
          38     17.7584
          39     17.8811
          40     18.0344
          41     17.8064
          42     17.7232
          43     17.6114
          44     17.3406
          45     17.2429
          46     17.1792
          47     17.1293
          48     17.0244
          49     16.9591
          50     16.9235
          51     17.0421
          52     17.0425
          53     16.8827
          54     16.9146
          55     16.8318
          56     16.7312
          57     16.6791
          58     16.5655
          59     16.4364
          60     16.4856
          61     16.4622
          62     16.5741
          63     16.5748
          64     16.5144
          65     16.4288
          66     16.4692
          67     16.4132
          68      16.498
          69     16.8591
          70     16.5962
          71     16.1803
          72     16.1378
          73     16.1549
          74     15.9522
          75     15.8496
          76     15.8274
          77     15.7292
          78     15.6481
          79     15.5545
          80     15.5181
          81     15.5183
          82      15.546
          83     15.4956
          84     15.5057
          85     15.4885
          86     15.4929
          87     15.5233
          88     15.4867
          89     15.5591
          90     15.5258
          91     15.5595
          92     15.5112
          93     15.4903
          94      15.419
          95     15.2148
          96      15.202
          97     15.1407
          98     15.2132
          99     15.1449
           0     15.1305
           1     15.0694
           2     14.9759
           3      14.896
           4     14.5748
           5     14.6281
           6     14.5675
           7      14.915
           8     15.0708
           9     14.9556
          10     14.7298
          11     14.5678
          12     14.6159
          13     14.5876
          14     14.4224
          15     14.2844
          16     14.3906
          17     14.2504
          18     14.2438
          19     14.1312
          20     14.1194
          21     14.1196
          22     14.1177
          23     14.1156
          24     14.1301
          25     14.1222
          26     14.1184
          27     14.1185
          28     14.1151
          29     14.1141
          30     14.1159
          31     14.1184
          32     14.1191
          33     14.1254
          34      14.276
          35     14.1815
          36     14.1403
          37     14.3344
          38     14.3704
          39      14.413
          40     14.4092
          41     14.4384
          42     14.5502
          43     14.3811
          44     14.2056
          45     14.1261
          46     14.0043
          47     13.9985
          48     14.0017
          49     14.0065
          50      14.068
          51     13.9994
          52     14.0533
          53     14.0198
          54     14.0051
          55     13.9985
          56     13.9985
          57     13.9946
          58     13.9848
          59     13.9288
          60       13.97
          61     13.9346
          62     14.1328
          63     13.6745
          64     13.7292
          65     13.7951
          66     13.7678
          67     13.8653
          68     14.0844
          69     13.9944
          70     14.0859
          71     14.0342
          72     13.8358
          73     14.0796
          74     14.0851
          75     13.8798
          76     13.8582
          77     13.5487
          78     13.5347
          79     13.6058
          80     13.4072
          81     13.3586
          82     13.3234
          83     13.3886
          84     13.6017
          85     13.2812
          86     13.1711
          87     13.0176
          88     12.8435
          89     12.8233
          90     12.9584
          91     12.9753
          92     12.8115
          93     12.9006
          94     12.8202
          95     12.7695
          96     12.8333
          97     12.7702
          98     12.8054
          99     12.9141
           0     13.0496
           1      12.853
           2     12.9016
           3     12.8425
           4     12.7525
           5     12.7502
           6     12.7657
           7     12.4205
           8     12.4385
           9     12.4414
          10     12.0928
          11     12.0791
          12     11.9893
          13     11.9637
          14     11.9318
          15     11.9344
          16     11.9989
          17     12.1254
          18     11.9197
          19     11.8842
          20     11.8806
          21     11.9217
          22     12.0192
          23     12.0451
          24      12.117
          25     11.9738
          26     11.9817
          27     12.0406
          28     11.9706
          29     11.8829
          30     11.8696
          31     11.8565
          32     11.7284
          33     11.6485
          34     11.6626
          35     11.5919
          36      11.567
          37     11.5882
          38     11.5955
          39      11.604
          40     11.5635
          41     11.5717
          42     11.5635
          43      11.645
          44     11.5971
          45     11.6026
          46     11.6576
          47     11.6048
          48     11.6698
          49     11.5885
          50     11.5658
          51     11.5633
          52     11.6135
          53     11.5988
          54     11.5981
          55     11.6499
          56     11.7364
          57     11.6695
          58     11.6929
          59      11.602
          60     11.5769
          61     11.5724
          62     11.5622
          63     11.6205
          64     11.5604
          65     11.6225
          66      11.682
          67     11.6024
          68      11.606
          69     11.6223
          70     11.5746
          71     11.5897
          72     11.5953
          73     11.5796
          74     11.6498
          75     11.5996
          76     11.5623
          77     11.5598
          78     11.5591
          79     11.5942
          80     11.5598
          81     11.5598
          82     11.6021
          83     11.6684
          84     11.6339
          85     11.6716
          86     11.6588
          87      11.679
          88     11.6463
          89     11.5839
          90     11.5795
          91     11.5617
          92     11.5598
          93     11.5698
          94     11.5953
          95     11.5779
          96     11.5598
          97     11.5623
          98     11.6456
          99     11.6933
           0     11.7462
           1     11.7575
           2     11.7375
           3     11.9358
           4     11.9781
           5     11.8546
           6     11.8887
           7     11.6023
           8     11.6071
           9     11.6902
          10     11.8138
          11     11.8588
          12     11.7867
          13     11.5951
          14     11.6121
          15       11.75
          16     11.6249
          17     11.6515
          18     11.7533
          19     11.7105
          20     11.5845
          21     11.5641
          22     11.5598
          23     11.5659
          24     11.7147
          25      11.609
          26      11.575
          27     11.5828
          28     11.6113
          29     11.6218
          30     11.8726
          31     11.6383
          32        11.7
          33     11.6033
          34     11.5598
          35     11.6694
          36     11.6468
          37     11.5598
          38     11.6198
          39     11.5848
          40     11.5598
          41     11.5598
          42     11.7423
          43     11.6407
          44     11.5955
          45     11.5654
          46     11.5641
          47     11.5673
          48     11.5598
          49     11.5598
          50     11.5598
          51     11.5671
          52     11.6401
          53      11.599
          54     11.7303
          55     11.5754
          56     11.6565
          57     11.5766
          58      11.576
          59     11.5626
          60     11.5882
          61     11.6998
          62      11.736
          63     11.6058
          64     11.5803
          65     11.5739
          66     11.6102
          67     11.7113
          68     11.7081
          69     11.7657
          70     11.6825
          71     11.6847
          72     11.6963
          73     11.8286
          74     11.7816
          75     11.5598
          76     11.6291
          77     11.6396
          78     11.5598
          79     11.6508
          80     11.6363
          81     11.6881
          82      11.572
          83     11.5622
          84     11.5617
          85     11.5673
          86     11.5598
          87     11.6233
          88     11.8238
          89     11.7363
          90     11.5776
          91     11.5895
          92     11.5724
          93     11.5598
          94     11.5717
          95     11.5598
          96     11.5594
          97     11.6095
          98     11.6756
          99     11.7344
           0     11.7647
           1     11.8961
           2     11.8346
           3     11.5684
           4      11.569
           5     11.5598
           6     11.5587
           7      11.616
           8     11.5697
           9     11.5598
          10     11.5849
          11     11.5924
          12     11.5804
          13     11.5999
          14     11.5655
          15     11.5709
          16     11.7178
          17     11.8528
          18     11.7263
          19     11.7018
          20     11.5598
          21     11.5842
          22     11.5901
          23     11.5677
          24     11.5598
          25     11.5704
          26     11.5731
          27     11.5821
          28     11.5598
          29     11.6665
          30     11.6189
          31     11.6046
          32     11.6224
          33     11.7406
          34     11.6759
          35     11.5598
          36     11.5598
          37     11.5598
          38     11.5592
          39     11.6298
          40     11.6082
          41     11.6745
          42     11.7651
          43     11.6541
          44     11.6486
          45     11.5815
          46     11.6611
          47     11.5734
          48     11.6965
          49       11.92
          50     11.9191
          51     11.6481
          52     11.6179
          53      11.671
          54     11.6037
          55     11.5766
          56     11.5598
          57     11.5634
          58     11.5694
          59     11.6804
          60     11.6482
          61     11.8246
          62     11.7891
          63     11.7889
          64     11.9103
          65     11.8958
          66     11.7133
          67     11.6418
          68     11.7314
          69     11.8049
          70     11.6877
          71      11.602
          72     11.5761
          73     11.6573
          74     11.7814
          75     11.7693
          76      11.645
          77     11.5628
          78     11.5855
          79     11.5598
          80     11.5841
          81     11.6465
          82     11.6025
          83     11.6298
          84     11.6008
          85     11.5721
          86     11.6014
          87     11.5788
          88     11.5718
          89     11.7214
          90     11.6151
          91      11.673
          92     11.7558
          93     11.7067
          94     11.6606
          95     11.6695
          96     11.6954
          97     11.6965
          98     11.6402
          99     11.5634
           0     11.5643
           1     11.5832
           2     11.5648
           3     11.5627
           4     11.5598
           5     11.5598
           6     11.5735
           7     11.6094
           8      11.654
           9     11.5987
          10     11.6071
          11     11.5648
          12     11.5598
          13     11.5623
          14      11.602
          15     11.8381
          16     11.8084
          17     11.8376
          18     11.6127
          19     11.6428
          20      11.607
          21     11.7277
          22     11.6977
          23     11.6191
          24     11.5687
          25     11.6613
          26     11.6446
          27     11.5662
          28     11.7216
          29     11.8166
          30     11.7511
          31     11.5708
          32     11.5598
          33     11.5725
          34     11.6591
          35     11.8323
          36     11.8135
          37     11.6595
          38     11.6168
          39     11.6689
          40     11.6086
          41     11.5996
          42     11.6199
          43     11.6783
          44      11.603
          45     11.6882
          46     11.7441
          47     11.7706
          48     11.6938
          49     11.7279
          50     11.6721
          51     11.5794
          52     11.5587
          53     11.5598
          54      11.622
          55     11.6098
          56     11.5793
          57     11.5872
          58     11.5591
          59     11.5598
          60     11.5598
          61     11.5598
          62     11.5598
          63     11.6553
          64     11.6271
          65     11.6088
          66     11.5598
          67     11.5598
          68     11.5895
          69     11.6792
          70     11.7435
          71     11.5908
          72     11.7553
          73     11.6187
          74      11.715
          75     11.7236
          76     11.5863
          77     11.6145
          78     11.5992
          79     11.6207
          80     11.6117
          81     11.5598
          82     11.5598
          83      11.561
          84      11.671
          85     11.5622
          86     11.5789
          87     11.6119
          88     11.5866
          89     11.6159
          90     11.5703
          91     11.7648
          92     11.8256
          93     11.6566
          94     11.6163
          95     11.5679
          96     11.6204
          97     11.6946
          98     11.5693
          99     11.6915
           0     11.5681
           1     11.5598
           2     11.5598
           3     11.6589
           4     11.6019
           5     11.5849
           6     11.5592
           7     11.5598
           8     11.5623
           9     11.6123
          10     11.5671
          11     11.5598
          12     11.5598
          13     11.5598
          14     11.6181
          15     11.5844
          16     11.5598
          17     11.5859
          18     11.5908
          19     11.6115
          20     11.8291
          21     11.6594
          22     11.6191
          23     11.6026
          24     11.7112
          25     11.6169
          26     11.5608
          27      11.566
          28     11.5683
          29      11.631
          30     11.6579
          31     11.6858
          32       11.79
          33     11.7099
          34     11.6547
          35      11.563
          36     11.5594
          37     11.5594
          38     11.5598
          39      11.562
          40     11.5951
          41     11.5819
          42     11.6413
          43     11.5648
          44     11.5987
          45     11.5917
          46     11.5616
          47     11.6329
          48     11.6099
          49     11.5664
          50     11.5606
          51     11.6294
          52     11.5622
          53     11.5598
          54     11.7289
          55     11.7175
          56     11.5719
          57     11.6233
          58      11.623
          59     11.5963
          60     11.6688
          61     11.6575
          62     11.6598
          63     11.5812
          64     11.5642
          65     11.7576
          66     11.7821
          67     11.8011
          68     11.8662
          69     11.8152
          70     11.6404
          71     11.7254
          72     11.5938
          73     11.6435
          74     11.6561
          75     11.6949
          76     11.6286
          77      11.749
          78      11.764
          79     11.7395
          80     11.6082
          81     11.6835
          82     11.6867
          83     11.7855
          84     11.6211
          85     11.6305
          86     11.5695
          87     11.6047
          88     11.5598
          89       11.58
          90     11.5598
          91     11.6014
          92      11.575
          93     11.6719
          94     11.6489
          95     11.7522
          96     11.7924
          97     11.6866
          98     11.6539
          99     11.9223
           0     11.6865
           1     11.9639
           2     11.9331
           3     11.8244
           4     11.8352
           5     11.6422
           6     11.6763
           7     11.7344
           8     11.6579
           9     11.6339
          10     11.5694
          11     11.5712
          12     11.6582
          13     11.5598
          14     11.5598
          15     11.5695
          16     11.5592
          17     11.6099
          18     11.6199
          19      11.579
          20     11.5863
          21     11.5594
          22     11.6324
          23     11.5924
          24     11.6843
          25     11.6297
          26     11.6401
          27     11.5926
          28     11.6722
          29     11.7076
          30     11.6548
          31     11.7017
          32     11.6209
          33     11.6114
          34     11.6209
          35     11.6112
          36     11.6294
          37     11.5699
          38     11.5935
          39     11.5594
          40     11.5598
          41     11.5777
          42     11.5588
          43     11.5963
          44     11.5826
          45     11.6026
          46     11.6528
          47     11.5864
          48     11.8671
          49     11.7443
          50     11.6937
          51      11.642
          52     11.8495
          53     11.7106
          54     11.6435
          55     11.5591
          56     11.5997
          57     11.6064
          58     11.5598
          59     11.5814
          60     11.6234
          61     11.7228
          62     11.7069
          63     11.8693
          64      11.857
          65     11.9844
          66     11.7601
          67     11.7192
          68     11.5594
          69     11.7016
          70      11.579
          71     11.7046
          72     11.6111
          73     11.5691
          74      11.637
          75     11.5918
          76     11.5708
          77     11.5788
          78     11.6414
          79      11.613
          80     11.7471
          81     11.6605
          82      11.729
          83     11.5598
          84     11.5647
          85      11.561
          86     11.5766
          87     11.5598
          88     11.5598
          89     11.5598
          90     11.5608
          91     11.5594
          92     11.6126
          93     11.6946
          94     11.9224
          95     11.6035
          96     11.6092
          97     11.5785
          98     11.6407
          99     11.6876
           0     11.6828
           1     11.5608
           2     11.6595
           3     11.5992
           4      11.572
           5      11.585
           6     11.5653
           7     11.7628
           8     11.7919
           9     11.8622
          10     11.8141
          11     11.8047
          12     11.7235
          13     11.6482
          14     11.5598
          15     11.5598
          16     11.5937
          17     11.5598
          18     11.5791
          19     11.5903
          20     11.7406
          21     11.6741
          22     11.6397
          23     11.5753
          24     11.5598
          25     11.5623
          26     11.5598
          27     11.5598
          28     11.5595
          29     11.5683
          30     11.6827
          31     11.7109
          32     11.6541
          33     11.5717
          34     11.5809
          35     11.5853
          36     11.6348
          37     11.6835
          38     11.6113
          39     11.5637
          40     11.5734
          41      11.561
          42     11.5761
          43     11.5907
          44     11.5888
          45     11.5595
          46     11.5595
          47      11.574
          48     11.6847
          49     11.6045
          50     11.6057
          51     11.6403
          52     11.6757
          53     11.6895
          54     11.6181
          55     11.7706
          56     11.6493
          57     11.5598
          58     11.6017
          59     11.5598
          60     11.5598
          61     11.5598
          62     11.5635
          63     11.5591
          64     11.5658
          65     11.5598
          66      11.561
          67     11.5859
          68     11.5689
          69     11.6197
          70     11.5598
          71      11.561
          72     11.5695
          73     11.6469
          74     11.6396
          75     11.6084
          76     11.5715
          77     11.5598
          78     11.5814
          79     11.5598
          80     11.5673
          81     11.5598
          82     11.6211
          83     11.6841
          84     11.5598
          85      11.593
          86     11.6984
          87     11.5617
          88     11.6204
          89      11.727
          90     11.7586
          91     11.7035
          92      11.634
          93     11.6223
          94     11.5781
          95     11.6375
          96      11.568
          97     11.5584
          98     11.5985
          99     11.6896
           0     11.6229
           1     11.5791
           2     11.6555
           3     11.7971
           4     11.6864
           5     11.8284
           6     11.8548
           7     11.7026
           8     11.7259
           9     11.7439
          10        11.8
          11      11.673
          12     11.5686
          13     11.6542
          14     11.5868
          15      11.574
          16     11.6008
          17     11.7036
          18     11.6781
          19     11.6951
          20     11.5955
          21     11.5612
          22     11.6238
          23     11.6443
          24     11.6612
          25     11.7505
          26     11.6521
          27     11.5598
          28     11.5598
          29     11.5802
          30     11.5598
          31     11.5598
          32     11.6251
          33     11.7252
          34     11.7416
          35     11.8379
          36     11.6588
          37      11.654
          38     11.5668
          39     11.5598
          40     11.5594
          41     11.5598
          42     11.7047
          43     11.8241
          44     11.8894
          45     11.8767
          46      11.738
          47     11.5602
          48      11.575
          49     11.6002
          50      11.591
          51     11.7556
          52     11.7079
          53     11.9672
          54     11.7592
          55     12.0719
          56     11.6706
          57     11.5832
          58     11.5861
          59     11.6625
          60     11.8389
          61     11.7536
          62     11.7014
          63     11.5999
          64        11.6
          65     11.7833
          66     11.7087
          67     11.6813
          68     11.7165
          69     11.6018
          70     11.7202
          71     11.6104
          72     11.5963
          73     11.5598
          74     11.5598
          75     11.5598
          76     11.5598
          77     11.5598
          78     11.5585
          79     11.5598
          80     11.5589
          81     11.5589
          82     11.5591
          83     11.5598
          84     11.5598
          85     11.5694
          86     11.5781
          87     11.6319
          88     11.6948
          89     11.6426
          90     11.5849
          91     11.5894
          92     11.5925
          93     11.5634
          94     11.5921
          95     11.7973
          96     11.7378
          97     11.5685
          98     11.5598
          99     11.5788
