           0      31.947
           1     29.2683
           2     27.9997
           3     26.0953
           4      24.584
           5      22.707
           6     21.4596
           7     20.8979
           8       19.49
           9     18.7666
          10     18.3385
          11      17.935
          12     17.5526
          13     17.0112
          14     16.6143
          15     16.2169
          16     16.0928
          17     16.0192
          18     14.8736
          19     14.4695
          20     14.1853
          21     14.1288
          22     14.2129
          23     14.1383
          24     14.2926
          25     13.7955
          26      12.965
          27     12.7698
          28     12.6698
          29     12.4653
          30      12.376
          31     12.6838
          32     12.3004
          33      12.034
          34     11.8474
          35      12.021
          36     11.9943
          37     12.0646
          38     12.1347
          39      12.332
          40     12.5766
          41     12.1809
          42     12.1238
          43     11.9303
          44     11.4461
          45     11.3101
          46     11.2109
          47     11.0829
          48     10.9201
          49     10.8366
          50     10.7734
          51     10.9425
          52     10.9369
          53     10.7451
          54     10.9187
          55     10.9033
          56     10.8606
          57     10.8472
          58     10.6924
          59     10.5365
          60     10.6208
          61     10.5573
          62     10.6959
          63     10.6686
          64     10.5916
          65     10.5161
          66     10.6153
          67     10.6244
          68     10.8914
          69     11.6489
          70     11.1682
          71     10.5276
          72     10.4839
          73     10.5018
          74     10.1994
          75     10.0999
          76      10.083
          77     9.92127
          78     9.80323
          79     9.70441
          80     9.63592
          81     9.60762
          82     9.62132
          83     9.53307
          84     9.54202
          85     9.51346
          86     9.51679
          87     9.55062
          88     9.49946
          89     9.60338
          90     9.58372
          91     9.71225
          92     9.68863
          93     9.65007
          94     9.58094
          95     9.28707
          96     9.27996
          97     9.19522
          98     9.31694
          99     9.20265
           0     9.19501
           1     9.14721
           2     9.10543
           3     9.08445
           4     8.80549
           5      8.9438
           6     8.89047
           7     9.35025
           8     9.57173
           9      9.3336
          10     9.01304
          11     8.80052
          12     8.85776
          13     8.85699
          14     8.63331
          15       8.479
          16     8.67898
          17     8.50651
          18     8.51148
          19     8.37036
          20     8.35706
          21     8.35853
          22     8.35706
          23     8.35706
          24     8.36947
          25     8.36085
          26     8.35754
          27     8.35901
          28     8.35706
          29     8.35754
          30     8.35849
          31     8.35754
          32     8.35706
          33     8.36291
          34     8.58624
          35     8.45063
          36     8.38961
          37     8.66405
          38     8.73635
          39     8.80257
          40     8.80373
          41     8.83235
          42     9.01049
          43     8.77751
          44     8.51996
          45     8.38464
          46     8.21048
          47     8.20447
          48     8.21247
          49     8.22518
          50     8.31969
          51     8.20686
          52     8.28566
          53     8.24312
          54     8.21375
          55     8.20447
          56     8.20447
          57     8.20004
          58     8.19494
          59      8.1357
          60      8.2152
          61     8.16966
          62     8.47787
          63     7.80757
          64     7.88112
          65     7.97973
          66     7.92663
          67     8.02784
          68     8.32177
          69     8.20155
          70     8.31495
          71     8.27004
          72     7.98424
          73     8.38788
          74     8.38994
          75     8.11617
          76     8.12595
          77      7.7027
          78     7.70888
          79     7.83077
          80     7.55728
          81     7.48874
          82     7.45685
          83     7.53168
          84     7.90533
          85     7.43801
          86     7.36621
          87     7.18967
          88     6.99264
          89     6.97823
          90     7.16324
          91     7.23403
          92     6.97376
          93     7.09015
          94     6.98765
          95     6.92544
          96     6.99979
          97     6.92614
          98     6.96052
          99     7.09797
           0     7.29196
           1      7.0124
           2     7.08072
           3     7.01568
           4     6.93121
           5     7.00854
           6     7.10364
           7       6.714
           8     6.75754
           9     6.78459
          10     6.38502
          11     6.37377
          12      6.2982
          13     6.27339
          14     6.22371
          15     6.22135
          16     6.27791
          17     6.42779
          18     6.20256
          19     6.17313
          20     6.15739
          21     6.16701
          22     6.23627
          23     6.24282
          24     6.31536
          25     6.15143
          26     6.15106
          27     6.22496
          28     6.15358
          29     6.08164
          30     6.10519
          31     6.12694
          32     6.00036
          33      5.9491
          34     5.96464
          35     5.91626
          36     5.89776
          37       5.917
          38     5.92237
          39     5.92407
          40     5.89542
          41       5.902
          42     5.89542
          43     5.97748
          44     5.92542
          45     5.92854
          46     5.98825
          47     5.94171
          48     6.01689
          49     5.91667
          50     5.90026
          51     5.89542
          52     5.93577
          53     5.92512
          54      5.9264
          55     5.97507
          56     6.08794
          57     6.00511
          58     6.03131
          59      5.9356
          60     5.90892
          61     5.90251
          62     5.89423
          63     5.94223
          64     5.89349
          65     5.94933
          66     6.01893
          67     5.93095
          68     5.93565
          69     5.94542
          70     5.90285
          71     5.91854
          72       5.919
          73     5.90595
          74     5.97479
          75     5.92399
          76     5.89552
          77     5.89291
          78     5.89291
          79     5.92377
          80     5.89291
          81     5.89291
          82     5.93183
          83     6.01632
          84      5.9782
          85     6.00789
          86     6.01262
          87     6.02305
          88     5.98367
          89     5.91775
          90     5.91362
          91     5.89482
          92     5.89291
          93     5.90443
          94     5.92755
          95     5.90949
          96     5.89291
          97     5.89603
          98     5.97591
          99     6.04971
           0      6.1303
           1     6.15643
           2     6.11412
           3       6.384
           4     6.41695
           5     6.23419
           6     6.28091
           7     5.93559
           8     5.93503
           9     6.03238
          10      6.2134
          11     6.26724
          12     6.15395
          13     5.92373
          14     5.94121
          15     6.09206
          16      5.9626
          17     6.00318
          18     6.12418
          19     6.06796
          20     5.92529
          21     5.90228
          22     5.89291
          23      5.8975
          24     6.06225
          25     5.94426
          26     5.90565
          27     5.91298
          28     5.94842
          29     5.95115
          30     6.27399
          31     5.96147
          32     6.04918
          33     5.93464
          34     5.89291
          35     6.01532
          36     5.98461
          37     5.89291
          38     5.95273
          39     5.91822
          40     5.89291
          41     5.89291
          42     6.11016
          43     5.97888
          44     5.92712
          45     5.89939
          46     5.89719
          47      5.8983
          48     5.89291
          49     5.89291
          50     5.89291
          51     5.89672
          52     5.97926
          53     5.92867
          54     6.08141
          55     5.90478
          56     5.98999
          57     5.90685
          58     5.90732
          59     5.89815
          60     5.91573
          61     6.03514
          62     6.08703
          63     5.94097
          64     5.91192
          65     5.90479
          66     5.94737
          67     6.05974
          68      6.0698
          69     6.14507
          70     6.02571
          71     6.02653
          72     6.03519
          73     6.19842
          74     6.15299
          75     5.89291
          76     5.96484
          77     5.96709
          78     5.89291
          79     5.97773
          80     5.97532
          81     6.02618
          82     5.90656
          83     5.89418
          84     5.89421
          85     5.89898
          86     5.89291
          87     5.96147
          88     6.18161
          89     6.09318
          90     5.90966
          91     5.92155
          92      5.9063
          93     5.89291
          94     5.90473
          95     5.89291
          96     5.89516
          97     5.95075
          98     6.02089
          99     6.07278
           0     6.11898
           1     6.29962
           2     6.24742
           3     5.90188
           4     5.89863
           5     5.89291
           6     5.89291
           7     5.94849
           8      5.9011
           9     5.89291
          10     5.92466
          11     5.92986
          12     5.91238
          13     5.93126
          14     5.90094
          15     5.90551
          16     6.05623
          17     6.21796
          18     6.07483
          19     6.05281
          20     5.89291
          21     5.91203
          22     5.92456
          23     5.89909
          24     5.89291
          25     5.90358
          26      5.9059
          27     5.91494
          28     5.89291
          29     6.00229
          30     5.95792
          31     5.93563
          32      5.9532
          33     6.10612
          34     6.02293
          35     5.89291
          36     5.89291
          37     5.89291
          38     5.89291
          39     5.96597
          40     5.94047
          41     6.00485
          42     6.13155
          43     5.98912
          44     5.98283
          45      5.9084
          46     6.00411
          47      5.9054
          48     6.03215
          49     6.34566
          50     6.34434
          51     5.98867
          52     5.95531
          53     6.01849
          54     5.93783
          55     5.90861
          56     5.89291
          57     5.89494
          58     5.89815
          59      6.0121
          60     5.98248
          61     6.19451
          62     6.17969
          63     6.14832
          64     6.31966
          65     6.27922
          66     6.06606
          67     5.98106
          68     6.06203
          69     6.16762
          70     6.03002
          71     5.93244
          72     5.90925
          73     5.99315
          74     6.13126
          75     6.11625
          76     5.97914
          77     5.89665
          78     5.91875
          79     5.89291
          80     5.91508
          81     5.97634
          82      5.9341
          83     5.96431
          84     5.93247
          85     5.90347
          86     5.92941
          87      5.9157
          88     5.91305
          89     6.07886
          90     5.95075
          91     6.02096
          92     6.10908
          93     6.06646
          94     6.01093
          95     6.02547
          96     6.05107
          97     6.03609
          98     5.97428
          99      5.9045
           0     5.90135
           1     5.91269
           2     5.89706
           3     5.89525
           4     5.89291
           5     5.89291
           6     5.90574
           7     5.93627
           8     5.99446
           9     5.93361
          10      5.9449
          11     5.89916
          12     5.89291
          13     5.89603
          14      5.9334
          15      6.2313
          16     6.17812
          17     6.21312
          18     5.94166
          19     5.97049
          20     5.93853
          21     6.08095
          22     6.06367
          23     5.94639
          24     5.90032
          25     5.99543
          26      5.9718
          27     5.89837
          28      6.0657
          29     6.17638
          30     6.09006
          31     5.90246
          32     5.89291
          33     5.90503
          34     5.99769
          35     6.21099
          36      6.2053
          37     5.99586
          38     5.95183
          39     6.00762
          40     5.93765
          41     5.92953
          42     5.95857
          43     6.01581
          44     5.93149
          45     6.01878
          46     6.08177
          47     6.12754
          48     6.04098
          49     6.09858
          50     6.02452
          51     5.90725
          52     5.89339
          53     5.89291
          54     5.95398
          55     5.94655
          56     5.91095
          57      5.9179
          58     5.89291
          59     5.89291
          60     5.89291
          61     5.89291
          62     5.89291
          63     5.98811
          64     5.95801
          65     5.93539
          66     5.89291
          67     5.89291
          68     5.91474
          69     6.01302
          70     6.09989
          71     5.91823
          72      6.1016
          73     5.95557
          74     6.06071
          75     6.07014
          76     5.91793
          77     5.94451
          78     5.93157
          79     5.95194
          80     5.94304
          81     5.89291
          82     5.89291
          83     5.89466
          84     6.02492
          85     5.89772
          86     5.91247
          87     5.94784
          88     5.91727
          89     5.94512
          90     5.90075
          91     6.13367
          92      6.1987
          93     6.00527
          94     5.94299
          95     5.90078
          96     5.95107
          97     6.03794
          98     5.90246
          99     6.03767
           0     5.89867
           1     5.89291
           2     5.89291
           3     6.00848
           4     5.93421
           5     5.91191
           6     5.89291
           7     5.89291
           8     5.89459
           9     5.94808
          10     5.90129
          11     5.89291
          12     5.89291
          13     5.89291
          14     5.94606
          15     5.91529
          16     5.89291
          17     5.91437
          18     5.91997
          19     5.94004
          20     6.18344
          21      5.9878
          22      5.9525
          23     5.94687
          24     6.06818
          25     5.94399
          26     5.89418
          27     5.89621
          28     5.89748
          29     5.96868
          30     6.00508
          31     6.03193
          32     6.17263
          33     6.06308
          34     6.00257
          35     5.89878
          36     5.89291
          37     5.89291
          38     5.89291
          39     5.89682
          40     5.93291
          41     5.91652
          42     5.99767
          43     5.89916
          44     5.92796
          45       5.921
          46     5.89367
          47     5.95901
          48     5.93768
          49     5.89962
          50     5.89746
          51     5.97316
          52     5.89418
          53     5.89291
          54     6.08774
          55     6.07207
          56     5.90216
          57      5.9553
          58     5.95364
          59     5.92548
          60     6.00409
          61     5.98888
          62     5.99338
          63     5.91039
          64     5.89609
          65     6.14172
          66     6.16209
          67     6.17068
          68     6.28245
          69     6.21203
          70     5.97512
          71     6.07337
          72     5.92023
          73     5.97992
          74     5.99791
          75     6.03321
          76     5.95174
          77     6.09784
          78     6.12284
          79     6.07166
          80     5.93286
          81     6.01662
          82     6.02318
          83      6.1292
          84     5.95219
          85      5.9635
          86     5.90288
          87     5.93475
          88     5.89291
          89     5.91252
          90     5.89291
          91     5.92418
          92     5.90417
          93     6.01435
          94     5.98012
          95     6.11031
          96     6.14652
          97     6.02601
          98     5.98805
          99     6.36256
           0     6.02613
           1     6.40104
           2      6.3665
           3     6.20435
           4     6.19152
           5     5.96372
           6     5.99521
           7     6.07011
           8      5.9885
           9      5.9593
          10     5.90181
          11     5.90255
          12     5.99381
          13     5.89291
          14     5.89291
          15     5.90153
          16     5.89446
          17     5.94916
          18     5.96728
          19     5.91307
          20     5.92029
          21     5.89291
          22     5.96213
          23     5.91763
          24     6.01706
          25     5.95771
          26     5.96968
          27     5.91971
          28     5.99519
          29     6.03718
          30     5.98376
          31     6.03865
          32      5.9451
          33     5.93981
          34     5.95332
          35     5.93941
          36     5.95373
          37      5.9037
          38     5.92585
          39     5.89291
          40     5.89291
          41     5.90681
          42     5.89291
          43     5.92984
          44     5.91589
          45     5.93111
          46     5.98594
          47     5.91628
          48     6.27453
          49     6.09696
          50     6.03757
          51     5.98029
          52     6.22864
          53     6.05345
          54     5.98608
          55     5.89291
          56     5.93637
          57     5.93672
          58     5.89291
          59     5.91545
          60     5.95945
          61     6.08516
          62     6.05325
          63     6.24948
          64     6.24677
          65     6.38819
          66     6.11267
          67     6.08354
          68     5.89291
          69     6.04582
          70     5.90971
          71     6.04799
          72     5.94324
          73     5.90159
          74     5.97122
          75      5.9232
          76     5.90141
          77     5.90665
          78     5.98418
          79     5.94261
          80      6.1132
          81     5.99684
          82     6.08171
          83     5.89291
          84     5.89612
          85     5.89383
          86     5.90622
          87     5.89291
          88     5.89291
          89     5.89291
          90     5.89418
          91     5.89291
          92     5.93945
          93     6.04202
          94      6.3433
          95     5.93303
          96     5.93869
          97     5.90759
          98     5.97201
          99     6.01657
           0     6.02921
           1     5.89601
           2     5.99646
           3     5.92609
           4     5.90656
           5     5.91719
           6     5.89812
           7     6.12263
           8     6.16166
           9     6.22037
          10     6.14653
          11     6.16941
          12     6.07719
          13      5.9889
          14     5.89291
          15     5.89291
          16     5.91982
          17     5.89291
          18     5.91443
          19     5.92685
          20     6.10827
          21     6.02954
          22     5.97357
          23     5.90921
          24     5.89291
          25     5.89603
          26     5.89291
          27     5.89291
          28     5.89291
          29      5.9027
          30     6.02766
          31     6.05482
          32     5.99331
          33     5.90587
          34     5.91426
          35     5.91868
          36     5.97386
          37     6.02917
          38     5.93936
          39     5.89779
          40     5.90676
          41     5.89383
          42     5.90778
          43     5.91974
          44     5.92085
          45     5.89291
          46     5.89291
          47      5.9068
          48     6.01894
          49     5.93938
          50     5.93909
          51     5.97314
          52     6.02776
          53     6.04038
          54     5.95416
          55     6.10559
          56     5.97778
          57     5.89291
          58     5.93037
          59     5.89291
          60     5.89291
          61     5.89291
          62     5.89663
          63     5.89291
          64     5.89881
          65     5.89291
          66     5.89466
          67     5.91849
          68     5.90558
          69     5.95485
          70     5.89291
          71     5.89418
          72     5.90678
          73     5.98744
          74     5.97751
          75     5.94245
          76     5.90573
          77     5.89291
          78     5.91152
          79     5.89291
          80     5.90034
          81     5.89291
          82     5.96621
          83     6.04123
          84     5.89291
          85     5.92182
          86      6.0546
          87     5.89698
          88     5.95366
          89     6.07091
          90     6.11441
          91     6.05089
          92     5.96675
          93     5.95786
          94      5.9064
          95     5.96838
          96     5.90089
          97     5.89466
          98     5.93263
          99     6.03596
           0     5.94812
           1     5.91105
           2     5.99258
           3     6.17118
           4     6.03199
           5     6.18475
           6      6.2225
           7      6.0471
           8     6.07361
           9     6.09157
          10     6.16593
          11     6.01762
          12     5.90148
          13     5.98221
          14     5.92417
          15     5.90733
          16     5.93544
          17      6.0474
          18     6.02515
          19     6.03849
          20     5.92528
          21     5.89553
          22     5.95133
          23     5.97766
          24     5.99661
          25     6.09477
          26      5.9848
          27     5.89291
          28     5.89291
          29     5.90769
          30     5.89291
          31     5.89291
          32     5.95115
          33     6.06872
          34     6.09781
          35     6.24819
          36     6.00438
          37     6.00225
          38     5.90513
          39     5.89291
          40     5.89383
          41     5.89291
          42     6.05876
          43     6.23483
          44     6.29514
          45     6.27607
          46     6.08521
          47     5.89775
          48     5.90804
          49     5.93678
          50     5.92813
          51     6.13625
          52     6.06145
          53     6.45417
          54     6.13906
          55     6.56637
          56     6.02639
          57      5.9169
          58      5.9188
          59     6.01169
          60      6.2423
          61     6.11473
          62     6.05031
          63      5.9317
          64     5.93363
          65     6.15386
          66     6.05687
          67     6.02782
          68     6.07922
          69     5.93719
          70      6.0643
          71     5.94246
          72     5.92574
          73     5.89291
          74     5.89291
          75     5.89291
          76     5.89291
          77     5.89291
          78     5.89291
          79     5.89291
          80     5.89291
          81     5.89291
          82     5.89291
          83     5.89291
          84     5.89291
          85     5.89799
          86       5.908
          87     5.95807
          88     6.01974
          89     5.96601
          90     5.91218
          91     5.91707
          92     5.92196
          93     5.89594
          94     5.91894
          95     6.16477
          96     6.08455
          97     5.90161
          98     5.89291
          99     5.91114
