           0     35.4952
           1     33.1609
           2     30.9448
           3     29.7264
           4     28.7046
           5     26.6637
           6     25.4666
           7     23.7111
           8     22.5489
           9      21.102
          10     20.0083
          11     19.3049
          12     17.5343
          13     16.7334
          14     16.6135
          15     16.2795
          16     16.1012
          17     16.0108
          18     15.3412
          19     15.1536
          20     14.7586
          21     14.2723
          22     13.8219
          23     12.9671
          24     12.3757
          25     11.8778
          26     11.3903
          27     11.2059
          28     11.0893
          29     11.4353
          30     11.1633
          31     10.9973
          32     10.7094
          33     10.7184
          34      10.683
          35      10.792
          36     10.9027
          37     10.8775
          38     10.5706
          39     10.5674
          40     10.4996
          41     10.4495
          42     10.3274
          43     10.3778
          44      10.234
          45     10.1995
          46     10.2534
          47     10.2055
          48     10.1862
          49      10.128
          50     10.1127
          51     10.0836
          52     10.0792
          53     10.1376
          54     10.1075
          55     10.1485
          56     10.2314
          57      10.031
          58     10.0142
          59     10.0533
          60     9.99349
          61      9.9733
          62     9.98911
          63     10.1501
          64     10.1969
          65     10.4715
          66     10.4443
          67     10.5225
          68       10.32
          69     10.0512
          70     10.1676
          71     10.0932
          72     10.0124
          73      10.033
          74      9.9905
          75      10.043
          76     10.0943
          77     10.4027
          78     10.3359
          79      10.083
          80     9.98879
          81     9.86297
          82      9.5524
          83     9.45477
          84     9.46713
          85     9.35605
          86     9.19734
          87     8.93221
          88     8.83201
          89     8.61338
          90     8.62048
          91     8.65998
          92     8.34621
          93     8.18392
          94     8.01534
          95     7.92989
          96     7.85567
          97     7.87535
          98     7.64184
          99     7.57615
           0     7.50657
           1     7.55236
           2     7.44705
           3     7.38585
           4     7.48577
           5     7.78519
           6     7.97191
           7      7.6927
           8     7.58501
           9     7.44845
          10     7.41097
          11      7.5708
          12     7.40673
          13     7.41879
          14     7.49873
          15     7.44363
          16     7.37288
          17     7.35991
          18     7.33727
          19     7.41214
          20     7.57296
          21     7.44292
          22      7.5121
          23     7.59983
          24     7.53841
          25     7.41447
          26     7.33225
          27     7.28336
          28     7.34191
          29     7.34244
          30     7.39775
          31     7.26494
          32     7.30576
          33     7.29985
          34     7.28023
          35      7.2958
          36     7.23553
          37     7.23604
          38     7.21225
          39     7.23353
          40     7.29291
          41     7.21658
          42     7.25201
          43      7.2508
          44     7.26388
          45     7.34026
          46     7.20901
          47     7.20901
          48     7.29943
          49     7.23937
          50     7.20909
          51     7.22735
          52     7.37101
          53     7.37726
          54     7.27728
          55     7.25726
          56     7.20901
          57     7.21017
          58     7.30448
          59     7.21025
          60     7.48338
          61     7.20909
          62     7.33729
          63     7.27052
          64       7.294
          65     7.22551
          66     7.20901
          67     7.23609
          68     7.22783
          69     7.21971
          70     7.28174
          71     7.26484
          72     7.20901
          73     7.20901
          74     7.43094
          75     7.49123
          76     7.63943
          77     7.38418
          78     7.31901
          79     7.23097
          80     7.21996
          81     7.20901
          82     7.20901
          83     7.20901
          84     7.20901
          85     7.23642
          86     7.29907
          87     7.31517
          88     7.28499
          89     7.28543
          90     7.21092
          91     7.21886
          92     7.22194
          93     7.27014
          94     7.21279
          95     7.23001
          96     7.26256
          97     7.33705
          98     7.08952
          99     6.85343
           0     6.57807
           1     6.37443
           2     6.50343
           3      6.5142
           4     6.53705
           5     6.53003
           6     6.38691
           7     6.30857
           8     6.29977
           9     6.32492
          10      6.3975
          11     6.34444
          12     6.33052
          13     6.35219
          14     6.27258
          15     6.49086
          16     6.69793
          17     6.50545
          18     6.42014
          19     6.39464
          20     6.53332
          21     6.65807
          22     6.47386
          23     6.36688
          24     6.32687
          25     6.31165
          26     6.29969
          27     6.44489
          28     6.45434
          29     6.32076
          30      6.2931
          31     6.21469
          32      6.2259
          33     6.29045
          34     6.31669
          35     6.24006
          36     6.27603
          37     6.20826
          38     6.19567
          39     6.25849
          40     6.27938
          41     6.27016
          42     6.21279
          43     6.28042
          44      6.2187
          45     6.28061
          46     6.23736
          47     6.30963
          48       6.262
          49     6.32203
          50     6.29102
          51     6.19567
          52     6.24017
          53     6.19567
          54     6.26504
          55     6.33463
          56     6.19567
          57     6.22899
          58     6.29694
          59     6.28168
          60     6.23803
          61     6.19567
          62      6.1957
          63     6.24167
          64     6.21595
          65      6.2388
          66     6.19567
          67     6.19567
          68     6.42738
          69     6.52017
          70     6.33668
          71     6.27573
          72     6.27593
          73      6.2193
          74     6.25974
          75     6.24321
          76     6.19567
          77     6.29272
          78     6.30917
          79     6.22392
          80     6.21964
          81     6.31509
          82     6.30269
          83     6.49592
          84     6.59172
          85     6.51144
          86     6.42685
          87     6.30958
          88      6.4575
          89     6.28674
          90     6.20375
          91     6.19567
          92     6.19567
          93     6.21519
          94      6.2015
          95      6.3714
          96     6.34596
          97     6.43761
          98     6.48172
          99     6.61124
           0     6.49724
           1     6.30991
           2     6.21529
           3      6.2898
           4     6.46223
           5     6.31066
           6     6.39719
           7     6.37463
           8     6.24375
           9     6.28312
          10     6.25841
          11      6.2624
          12     6.20316
          13     6.20502
          14     6.19803
          15     6.22019
          16     6.30461
          17     6.33984
          18     6.36858
          19     6.64318
          20     6.49072
          21     6.35733
          22     6.39603
          23     6.34489
          24     6.32151
          25     6.44618
          26     6.41933
          27     6.60397
          28     6.39869
          29     6.33264
          30      6.4001
          31     6.24996
          32     6.24484
          33     6.19567
          34     6.20781
          35     6.23122
          36     6.26922
          37     6.24306
          38     6.29043
          39     6.24134
          40     6.33619
          41     6.21213
          42     6.20302
          43     6.28503
          44     6.20911
          45     6.24945
          46     6.22301
          47     6.27429
          48     6.37238
          49      6.2492
          50       6.316
          51     6.23092
          52     6.26536
          53     6.46331
          54     6.28074
          55     6.26294
          56     6.24679
          57     6.29877
          58      6.2318
          59     6.29943
          60     6.34055
          61     6.30097
          62     6.23566
          63     6.23248
          64      6.1957
          65      6.1957
          66     6.23873
          67     6.28842
          68     6.20851
          69     6.40486
          70     6.30608
          71     6.33847
          72     6.20789
          73     6.37303
          74     6.19573
          75     6.19567
          76     6.19567
          77     6.22687
          78     6.31957
          79     6.39772
          80     6.29343
          81      6.2416
          82     6.27845
          83     6.22149
          84     6.45442
          85      6.2996
          86     6.55754
          87     6.32314
          88     6.23262
          89     6.21502
          90     6.19567
          91     6.19567
          92     6.19567
          93     6.22193
          94     6.19567
          95     6.19567
          96     6.22932
          97     6.23627
          98     6.24661
          99     6.22467
           0     6.23142
           1     6.34078
           2     6.25472
           3      6.3279
           4     6.29829
           5     6.24129
           6     6.22298
           7     6.20508
           8     6.26193
           9     6.20292
          10     6.22023
          11     6.20897
          12     6.26805
          13      6.3201
          14     6.26833
          15     6.30729
          16     6.41739
          17     6.36321
          18     6.26519
          19     6.29928
          20     6.50303
          21     6.38558
          22     6.39532
          23     6.44632
          24      6.3753
          25     6.31267
          26     6.19688
          27     6.19576
          28     6.30791
          29     6.31516
          30     6.37149
          31     6.19567
          32     6.24039
          33      6.1957
          34     6.28083
          35     6.19567
          36     6.22468
          37     6.21952
          38     6.20201
          39     6.20645
          40     6.32499
          41     6.23419
          42     6.53718
          43     6.43977
          44     6.62252
          45     6.47158
          46       6.255
          47     6.35777
          48     6.49011
          49     6.27689
          50     6.30206
          51     6.20926
          52     6.19567
          53     6.22352
          54     6.28614
          55     6.24521
          56     6.44077
          57     6.31884
          58     6.29544
          59     6.22044
          60     6.27529
          61     6.26847
          62     6.58585
          63      6.4188
          64     6.41158
          65     6.32495
          66     6.33823
          67     6.46549
          68     6.60991
          69     6.19567
          70     6.26502
          71     6.30565
          72     6.19567
          73     6.19573
          74     6.28368
          75      6.2423
          76     6.36779
          77     6.35929
          78     6.43079
          79     6.22653
          80     6.22266
          81     6.35907
          82      6.2704
          83     6.21112
          84     6.21243
          85     6.25551
          86     6.25431
          87     6.25777
          88     6.33838
          89     6.37248
          90     6.46536
          91     6.27021
          92     6.24302
          93     6.19567
          94     6.19567
          95     6.19567
          96     6.19567
          97     6.32326
          98      6.2951
          99     6.19567
           0     6.28546
           1     6.33961
           2     6.22022
           3     6.35946
           4     6.26566
           5     6.32492
           6     6.22871
           7     6.20864
           8     6.21828
           9     6.22406
          10     6.34473
          11      6.3098
          12     6.32047
          13     6.37496
          14     6.29906
          15     6.22776
          16     6.33934
          17     6.26937
          18     6.24293
          19     6.29313
          20     6.19567
          21     6.28244
          22     6.19686
          23     6.20292
          24     6.39568
          25     6.21827
          26     6.25911
          27     6.29696
          28     6.21455
          29     6.19567
          30     6.19567
          31     6.19567
          32     6.19567
          33     6.19567
          34     6.19567
          35     6.20356
          36     6.19697
          37     6.20637
          38     6.21157
          39     6.27308
          40     6.24285
          41     6.22467
          42     6.20748
          43      6.2225
          44     6.22443
          45     6.22085
          46     6.38132
          47     6.22471
          48     6.32184
          49     6.29839
          50     6.34358
          51     6.34638
          52     6.28758
          53     6.21623
          54     6.19567
          55     6.20854
          56     6.21293
          57     6.36348
          58     6.32169
          59     6.22956
          60      6.2373
          61     6.30145
          62     6.34351
          63     6.19567
          64     6.19567
          65     6.26829
          66     6.36268
          67     6.37121
          68     6.26165
          69     6.27612
          70     6.39241
          71     6.34505
          72     6.22604
          73     6.19567
          74     6.31893
          75     6.19567
          76     6.19567
          77     6.21246
          78     6.19567
          79     6.19573
          80     6.19567
          81     6.21213
          82     6.25596
          83     6.37123
          84     6.24955
          85     6.20566
          86     6.19573
          87     6.19763
          88     6.19567
          89     6.19724
          90     6.19567
          91     6.19567
          92     6.19567
          93     6.19567
          94     6.21779
          95     6.19567
          96     6.22643
          97     6.29527
          98     6.33202
          99     6.34573
           0     6.19576
           1     6.25329
           2     6.31669
           3     6.48939
           4     6.36231
           5      6.2363
           6     6.34177
           7      6.3535
           8     6.22719
           9     6.21702
          10     6.19567
          11     6.23573
          12     6.27063
          13     6.47535
          14       6.508
          15     6.31579
          16     6.28275
          17     6.29856
          18     6.24082
          19     6.19694
          20     6.33338
          21     6.52379
          22     6.46541
          23     6.50265
          24     6.41519
          25     6.40234
          26     6.41392
          27     6.43853
          28     6.49407
          29     6.26159
          30     6.28398
          31     6.24903
          32     6.22818
          33     6.24806
          34     6.19894
          35     6.19567
          36     6.23045
          37     6.20513
          38     6.19922
          39     6.37662
          40     6.22566
          41     6.19578
          42     6.19567
          43     6.19567
          44     6.19573
          45     6.25468
          46      6.1994
          47     6.19567
          48     6.19567
          49     6.19567
          50     6.19567
          51     6.19567
          52      6.2148
          53     6.27022
          54     6.34257
          55     6.28844
          56     6.19567
          57      6.1957
          58     6.19576
          59      6.1957
          60     6.19567
          61     6.19567
          62     6.30998
          63     6.25526
          64     6.32795
          65     6.39008
          66     6.34262
          67     6.22474
          68     6.28517
          69     6.23702
          70     6.25852
          71     6.37561
          72      6.2742
          73     6.19567
          74     6.20646
          75     6.27036
          76     6.26579
          77     6.34946
          78     6.23523
          79     6.25278
          80     6.27551
          81     6.57466
          82     6.26751
          83     6.40738
          84     6.33789
          85     6.32398
          86     6.27033
          87     6.37896
          88     6.30521
          89      6.2619
          90     6.30061
          91     6.57688
          92     6.39796
          93     6.34329
          94     6.29321
          95     6.28781
          96     6.25616
          97     6.19995
          98     6.19567
          99     6.20392
           0     6.25911
           1     6.27965
           2     6.35665
           3     6.46901
           4     6.19937
           5     6.24109
           6     6.19567
           7     6.20664
           8     6.19567
           9     6.19567
          10     6.21059
          11     6.22208
          12     6.41286
          13     6.31163
          14     6.25707
          15     6.28846
          16     6.23429
          17     6.20245
          18     6.20199
          19     6.20159
          20     6.19567
          21      6.1957
          22     6.26738
          23     6.19567
          24     6.22994
          25     6.21363
          26     6.34797
          27     6.19672
          28     6.19567
          29     6.19611
          30     6.19663
          31     6.22116
          32     6.19567
          33      6.1976
          34     6.39471
          35     6.59717
          36     6.37475
          37     6.41248
          38     6.26699
          39     6.24268
          40     6.21224
          41     6.31012
          42     6.38415
          43     6.62048
          44     6.40948
          45     6.27488
          46     6.25457
          47     6.19972
          48     6.27183
          49     6.64811
          50     6.38276
          51     6.41857
          52     6.40288
          53     6.24971
          54     6.35951
          55     6.20901
          56     6.36883
          57     6.45392
          58     6.29015
          59     6.22523
          60     6.22711
          61     6.21086
          62     6.37032
          63     6.40039
          64     6.22885
          65     6.19567
          66     6.21744
          67     6.21094
          68     6.28643
          69     6.28832
          70     6.21641
          71     6.20155
          72     6.29084
          73     6.19567
          74     6.19567
          75     6.22849
          76     6.20623
          77     6.21631
          78     6.33805
          79     6.26812
          80     6.30985
          81     6.19567
          82     6.19567
          83     6.19567
          84     6.21248
          85     6.21927
          86     6.28955
          87     6.22786
          88     6.21903
          89     6.35893
          90     6.27136
          91     6.44471
          92      6.2581
          93     6.41273
          94     6.37092
          95     6.85778
          96     6.38231
          97     6.27901
          98     6.28035
          99     6.24152
           0     6.28544
           1     6.26784
           2     6.44581
           3     6.23543
           4     6.34492
           5     6.19578
           6     6.26433
           7      6.1957
           8     6.19567
           9      6.2642
          10     6.29531
          11     6.24548
          12     6.34301
          13     6.42821
          14     6.25478
          15     6.25255
          16     6.23459
          17     6.19567
          18     6.19567
          19     6.21182
          20     6.28642
          21     6.19567
          22     6.19567
          23     6.22147
          24     6.23657
          25     6.30796
          26      6.2263
          27     6.20426
          28     6.25391
          29     6.23304
          30     6.20767
          31     6.19611
          32     6.22197
          33     6.20633
          34     6.25566
          35     6.23499
          36     6.27653
          37     6.45263
          38     6.48139
          39     6.25152
          40     6.33942
          41     6.30338
          42      6.5154
          43     6.20123
          44     6.31251
          45     6.19567
          46     6.31288
          47     6.23696
          48     6.23345
          49     6.22763
          50     6.29851
          51     6.27906
          52     6.30535
          53     6.25484
          54     6.25124
          55     6.19567
          56     6.19567
          57     6.25194
          58     6.31067
          59     6.39998
          60     6.19567
          61     6.21841
          62     6.33317
          63     6.23498
          64     6.19567
          65     6.19567
          66     6.19567
          67     6.19567
          68     6.26002
          69     6.19617
          70     6.24992
          71     6.19567
          72     6.20472
          73     6.30315
          74     6.32116
          75     6.29804
          76     6.27003
          77     6.20147
          78     6.19567
          79     6.20156
          80     6.27421
          81     6.30765
          82     6.26383
          83     6.20471
          84      6.2185
          85     6.19567
          86     6.26688
          87     6.20166
          88       6.262
          89     6.39932
          90     6.21993
          91     6.31172
          92     6.45079
          93     6.25379
          94     6.19993
          95     6.24615
          96     6.23036
          97     6.19567
          98     6.23555
          99     6.19567
           0     6.19567
           1     6.19567
           2     6.19567
           3     6.19567
           4     6.24215
           5     6.23818
           6     6.20586
           7     6.26426
           8     6.20994
           9     6.24375
          10     6.25873
          11     6.51964
          12     6.62407
          13     6.45453
          14     6.46449
          15     6.73338
          16     6.37287
          17     6.21318
          18     6.21807
          19     6.20125
          20     6.34951
          21     6.51854
          22     6.45781
          23     6.40579
          24     6.42556
          25     6.59105
          26     6.33659
          27     6.23893
          28     6.36563
          29     6.31213
          30     6.19567
          31     6.19567
          32     6.31172
          33      6.4565
          34     6.45939
          35     6.21372
          36     6.19567
          37     6.19567
          38     6.24205
          39     6.43126
          40     6.29776
          41     6.32509
          42     6.39189
          43     6.34216
          44     6.49517
          45     6.25346
          46     6.20543
          47     6.19567
          48     6.20167
          49     6.23671
          50     6.22291
          51     6.31166
          52     6.57501
          53     6.25843
          54     6.19567
          55      6.2213
          56     6.24419
          57     6.29454
          58      6.3135
          59     6.46539
          60      6.3879
          61     6.46711
          62     6.40117
          63     6.36134
          64     6.41569
          65     6.44407
          66     6.26889
          67     6.20771
          68     6.19567
          69     6.19567
          70     6.23063
          71     6.27524
          72     6.34094
          73     6.19783
          74     6.19567
          75     6.20128
          76     6.22198
          77     6.31656
          78     6.26611
          79     6.31425
          80     6.25844
          81     6.25593
          82     6.37217
          83     6.33699
          84     6.36089
          85     6.29191
          86     6.33016
          87     6.24513
          88     6.22726
          89     6.31043
          90     6.32856
          91     6.39936
          92     6.25063
          93     6.25459
          94     6.19567
          95     6.19567
          96     6.19567
          97     6.22115
          98     6.39006
          99     6.40814
