           0     41.7027
           1     39.0638
           2     36.1962
           3      35.455
           4     33.2019
           5     31.8651
           6     30.1446
           7     28.9157
           8     28.4957
           9     26.8666
          10     26.0294
          11     25.1012
          12     24.3367
          13     23.0489
          14     22.8856
          15     21.8724
          16     20.7909
          17     19.2446
          18     18.4609
          19      18.011
          20     17.2026
          21     16.0369
          22     15.0282
          23     14.3012
          24     13.3923
          25     11.9574
          26     11.5149
          27     11.4086
          28     11.1934
          29     10.7999
          30     10.3764
          31     9.96321
          32     9.61463
          33      9.2576
          34     8.78757
          35     8.62125
          36     8.42782
          37     8.38173
          38     8.49591
          39     8.51642
          40      8.7048
          41     8.66227
          42     8.58101
          43     8.34841
          44     8.58315
          45     8.66279
          46     8.46165
          47     8.37248
          48     8.21751
          49     7.99069
          50      7.7328
          51     7.47949
          52     7.43383
          53     7.42563
          54     7.26349
          55     7.37461
          56     7.19971
          57     7.22145
          58      7.0666
          59     6.60043
          60     6.64657
          61     6.41924
          62       6.244
          63     6.01246
          64     6.09719
          65     5.93488
          66     5.73716
          67     5.73547
          68     5.66914
          69     5.67102
          70     5.54443
          71     5.50088
          72     5.37904
          73     5.31995
          74     5.24745
          75     5.19153
          76     5.15832
          77     5.13548
          78     5.12074
          79     5.10543
          80     5.10543
          81     5.15151
          82     5.11147
          83     5.17047
          84     5.17517
          85     5.24297
          86     5.21817
          87     5.63003
          88     5.35803
          89     5.21679
          90     5.03205
          91     4.91305
          92     4.91781
          93     4.89341
          94     4.96074
          95     5.11046
          96     4.92497
          97     4.90994
          98     5.08407
          99     5.03434
           0     5.04207
           1     4.93615
           2     5.02789
           3     5.06861
           4     4.88293
           5     4.91779
           6     5.08255
           7      4.9439
           8      4.9006
           9     4.86157
          10     4.90937
          11     4.96476
          12     4.86981
          13     4.88006
          14     4.92329
          15     4.90207
          16     4.96394
          17     4.98336
          18     4.88011
          19     4.95058
          20     4.87152
          21     4.86157
          22     4.89466
          23     5.02111
          24     4.96408
          25     4.93641
          26     4.88909
          27     4.99506
          28      4.9046
          29     4.95738
          30     4.92072
          31     4.89704
          32     5.04311
          33     4.98542
          34      5.0458
          35     5.02284
          36     4.86747
          37     4.95249
          38     4.98563
          39     5.10528
          40     5.10648
          41     4.87202
          42     4.91981
          43     4.91085
          44     4.91913
          45     4.90234
          46     4.92056
          47     5.12833
          48     5.02004
          49     5.10966
          50     5.09477
          51     5.12971
          52     5.08202
          53     5.05802
          54     4.99182
          55     4.96686
          56     5.00769
          57     5.03231
          58     4.95541
          59     4.96592
          60     5.07181
          61     5.07673
          62     5.02044
          63     4.91198
          64     4.88574
          65      4.9442
          66     4.92314
          67      4.9741
          68     4.88043
          69     4.86157
          70     4.95877
          71     4.89146
          72     4.90523
          73     4.86157
          74     4.87326
          75     4.86157
          76     4.86157
          77     4.86157
          78     4.86157
          79     4.96142
          80     4.90209
          81     4.86782
          82     4.87377
          83     4.95199
          84     5.15206
          85     5.23555
          86     5.41124
          87     5.29152
          88     5.35263
          89     5.13257
          90      5.0299
          91     4.99154
          92     4.91255
          93     4.94331
          94     5.09203
          95     5.37394
          96       5.182
          97     5.14114
          98     5.28286
          99     5.12439
           0     4.99419
           1     4.87011
           2       4.923
           3     4.81529
           4     4.93306
           5     4.78658
           6     4.80939
           7     4.86314
           8     4.87876
           9      4.9196
          10     4.87724
          11     4.83046
          12     4.66342
          13     4.68741
          14     4.73524
          15     4.81519
          16     4.87986
          17     4.68915
          18      4.7592
          19     4.75988
          20     4.91045
          21     4.87681
          22     4.68319
          23      4.6181
          24     4.71365
          25     4.91376
          26     4.74734
          27      4.8739
          28     4.93421
          29     5.28422
          30     4.83585
          31     4.69412
          32     4.60789
          33     4.62253
          34     4.63225
          35     4.61191
          36     4.60883
          37     4.75409
          38     4.77768
          39     4.64396
          40     4.63032
          41     4.76034
          42      4.9663
          43      5.1085
          44     5.27253
          45     5.32329
          46     5.40965
          47     5.00983
          48     4.74968
          49     4.74425
          50      4.8338
          51     4.53661
          52     4.53207
          53     4.55833
          54     4.64578
          55     4.76448
          56     4.46689
          57     4.44047
          58     4.47953
          59     4.46324
          60     4.43908
          61     4.38419
          62     4.43843
          63     4.37035
          64     4.49195
          65     4.57766
          66     4.38676
          67     4.29049
          68      4.2859
          69     4.35145
          70     4.33907
          71      4.3328
          72     4.38508
          73     4.36666
          74     4.32489
          75     4.28411
          76     4.28137
          77     4.27845
          78     4.27757
          79     4.27757
          80     4.27757
          81     4.29658
          82     4.31358
          83     4.50229
          84     4.34804
          85     4.35247
          86     4.30182
          87     4.31358
          88     4.42471
          89     4.30005
          90     4.49164
          91     4.27757
          92     4.29739
          93     4.43295
          94     4.51574
          95     4.45648
          96     4.32943
          97     4.27757
          98     4.28831
          99     4.30508
           0     4.33458
           1     4.27757
           2     4.39865
           3     4.31647
           4       4.374
           5     4.33986
           6     4.29139
           7     4.30616
           8     4.33705
           9     4.37391
          10     4.49602
          11     4.44406
          12     4.45691
          13      4.3964
          14     4.34159
          15     4.42655
          16     4.28624
          17     4.36355
          18     4.37051
          19     4.29257
          20     4.28328
          21     4.29863
          22     4.37835
          23     4.27757
          24     4.28449
          25     4.27757
          26     4.27757
          27     4.28245
          28     4.31617
          29     4.33786
          30     4.32469
          31     4.32669
          32     4.37573
          33     4.30374
          34     4.35898
          35     4.42154
          36     4.35944
          37     4.36341
          38     4.39063
          39     4.38554
          40     4.32845
          41     4.45507
          42     4.49277
          43     4.33905
          44     4.32295
          45     4.27757
          46     4.27757
          47     4.27757
          48     4.27757
          49     4.27757
          50     4.27757
          51     4.27979
          52     4.27757
          53     4.35328
          54     4.38026
          55     4.51707
          56     4.44324
          57     4.44651
          58     4.39709
          59     4.27757
          60     4.35049
          61     4.28702
          62     4.29184
          63     4.37746
          64     4.34828
          65     4.45343
          66     4.46831
          67     4.41912
          68     4.32519
          69     4.41307
          70     4.30081
          71     4.33624
          72     4.28139
          73     4.40098
          74     4.29855
          75     4.30154
          76     4.31698
          77     4.30782
          78     4.28779
          79     4.28106
          80     4.28319
          81     4.32876
          82     4.41091
          83     4.42302
          84       4.392
          85     4.39848
          86     4.45498
          87     4.28511
          88     4.28112
          89      4.2949
          90     4.27757
          91     4.27757
          92     4.27757
          93     4.30853
          94     4.29856
          95     4.28689
          96     4.31895
          97     4.31757
          98     4.27757
          99       4.286
           0     4.32172
           1     4.35046
           2     4.42701
           3     4.38167
           4     4.33056
           5     4.35596
           6     4.32973
           7     4.31479
           8     4.59438
           9     4.56502
          10     4.30229
          11     4.27757
          12     4.33476
          13     4.35911
          14     4.51578
          15     4.38516
          16     4.28908
          17       4.287
          18     4.30023
          19     4.31641
          20     4.27757
          21     4.27757
          22     4.27757
          23     4.30087
          24     4.28694
          25     4.29328
          26     4.27757
          27     4.29111
          28      4.2932
          29     4.27757
          30     4.28861
          31      4.2868
          32     4.27757
          33     4.28476
          34      4.3678
          35     4.28153
          36      4.2888
          37     4.29411
          38     4.31571
          39     4.44666
          40     4.32319
          41     4.43525
          42     4.35238
          43     4.42354
          44     4.27757
          45     4.27757
          46     4.28585
          47     4.27757
          48     4.27757
          49     4.34121
          50     4.38424
          51     4.45009
          52     4.42202
          53     4.40373
          54     4.35481
          55      4.4277
          56     4.33277
          57     4.34135
          58     4.31096
          59      4.3246
          60      4.3296
          61     4.40696
          62     4.27757
          63     4.32378
          64     4.42542
          65     4.32741
          66     4.41724
          67     4.53475
          68     4.30796
          69     4.42362
          70     4.50016
          71     4.29049
          72     4.32304
          73      4.3496
          74     4.35781
          75     4.27757
          76     4.27757
          77     4.28153
          78      4.3569
          79     4.33611
          80     4.31504
          81     4.27757
          82     4.27757
          83     4.29162
          84     4.33376
          85     4.50935
          86     4.51343
          87     4.32759
          88     4.29248
          89     4.27963
          90     4.27757
          91      4.3953
          92     4.28524
          93     4.28045
          94     4.27948
          95     4.27757
          96     4.32906
          97     4.32255
          98     4.27757
          99     4.27757
           0     4.28057
           1     4.29887
           2      4.3326
           3     4.28254
           4     4.30221
           5      4.2951
           6     4.41338
           7      4.4132
           8     4.38629
           9     4.40868
          10     4.41092
          11     4.44902
          12     4.40021
          13     4.34116
          14     4.27883
          15     4.28862
          16     4.29059
          17     4.30123
          18     4.43901
          19     4.33079
          20       4.286
          21     4.38088
          22     4.56314
          23     4.58474
          24     4.53388
          25     4.46939
          26     4.45179
          27      4.5345
          28     4.57116
          29     4.42037
          30     4.65494
          31     4.64549
          32     4.49732
          33     4.33341
          34     4.31353
          35     4.30675
          36     4.33571
          37     4.33014
          38     4.42045
          39     4.30926
          40     4.43977
          41     4.55723
          42     4.76614
          43     4.67955
          44      4.6098
          45     4.60547
          46     4.44105
          47     4.31452
          48     4.27879
          49     4.29956
          50     4.35072
          51     4.31908
          52     4.27757
          53     4.29612
          54     4.27757
          55     4.30112
          56     4.31849
          57     4.56003
          58     4.48852
          59     4.39926
          60     4.31871
          61     4.44232
          62     4.33611
          63     4.32574
          64     4.36746
          65     4.49449
          66     4.31704
          67      4.3728
          68     4.28727
          69     4.37548
          70     4.42517
          71     4.33836
          72     4.45157
          73     4.30158
          74     4.27757
          75     4.37745
          76     4.42697
          77     4.39292
          78     4.35416
          79     4.27757
          80     4.30032
          81     4.43273
          82     4.45324
          83      4.2977
          84     4.35729
          85     4.31334
          86     4.35543
          87     4.30541
          88     4.34736
          89     4.35684
          90     4.40534
          91     4.32532
          92     4.37479
          93     4.31563
          94     4.28658
          95      4.3877
          96     4.27757
          97     4.30928
          98     4.30218
          99     4.41471
           0     4.41847
           1      4.2864
           2     4.34967
           3     4.31951
           4     4.30728
           5     4.27757
           6     4.27761
           7     4.27757
           8     4.27757
           9     4.28562
          10     4.27757
          11     4.31634
          12     4.35569
          13     4.32103
          14     4.33797
          15     4.29971
          16     4.28171
          17     4.28847
          18     4.28268
          19     4.37274
          20     4.38396
          21      4.4547
          22     4.30908
          23     4.27757
          24     4.28359
          25      4.3056
          26     4.30083
          27     4.28811
          28     4.52008
          29     4.45427
          30      4.3376
          31     4.35975
          32     4.40341
          33     4.67336
          34     4.45716
          35     4.34054
          36     4.36889
          37     4.27938
          38     4.27934
          39     4.36287
          40     4.45663
          41      4.4508
          42     4.34902
          43     4.29261
          44      4.2883
          45     4.34421
          46     4.46217
          47     4.45131
          48      4.3763
          49     4.27961
          50     4.30541
          51     4.43162
          52     4.56034
          53     4.41016
          54     4.35649
          55     4.29737
          56      4.3419
          57     4.32208
          58     4.35131
          59     4.31492
          60     4.31595
          61     4.30138
          62     4.38652
          63     4.29316
          64     4.27757
          65     4.32817
          66     4.28065
          67     4.39274
          68     4.39097
          69     4.35794
          70     4.39426
          71     4.32888
          72     4.32371
          73     4.41074
          74      4.3447
          75     4.29193
          76     4.36344
          77     4.30514
          78     4.37751
          79     4.28972
          80     4.28045
          81     4.27757
          82     4.27757
          83     4.27757
          84     4.27757
          85     4.28875
          86      4.3175
          87     4.34382
          88     4.35377
          89     4.27757
          90     4.27757
          91     4.27757
          92     4.27757
          93     4.27757
          94     4.27757
          95     4.33749
          96     4.29598
          97     4.32762
          98     4.29963
          99     4.30914
           0     4.28045
           1     4.28185
           2     4.29243
           3     4.29245
           4     4.31148
           5     4.29443
           6     4.30965
           7     4.37851
           8     4.44584
           9     4.29304
          10     4.43829
          11     4.57426
          12     4.52846
          13     4.51866
          14     4.31189
          15     4.34386
          16     4.34846
          17     4.38962
          18     4.28262
          19     4.33517
          20     4.41581
          21     4.30037
          22     4.32919
          23     4.29133
          24     4.33967
          25      4.6552
          26     4.49574
          27     4.47195
          28     4.50456
          29      4.4736
          30     4.51794
          31     4.31463
          32     4.28165
          33     4.27757
          34     4.44435
          35     4.37939
          36     4.31109
          37     4.35058
          38     4.28228
          39     4.28241
          40     4.36693
          41     4.29465
          42       4.404
          43     4.49555
          44     4.32231
          45     4.41851
          46     4.44704
          47     4.44517
          48      4.3878
          49     4.39968
          50      4.3187
          51     4.35369
          52      4.3411
          53     4.29578
          54      4.2847
          55     4.33913
          56     4.27941
          57     4.28247
          58     4.29048
          59     4.30938
          60      4.3504
          61      4.3019
          62     4.60744
          63     4.42671
          64     4.37402
          65     4.36357
          66     4.28693
          67      4.3231
          68     4.30981
          69     4.40574
          70     4.31629
          71     4.36886
          72     4.43116
          73     4.38006
          74     4.35541
          75     4.44903
          76     4.50749
          77      4.2959
          78     4.32496
          79      4.3816
          80     4.55499
          81     4.42317
          82     4.36144
          83     4.38893
          84     4.27757
          85     4.45427
          86      4.4409
          87     4.32217
          88     4.31288
          89      4.3499
          90      4.4074
          91     4.47046
          92     4.34038
          93     4.45511
          94     4.29115
          95     4.35954
          96     4.52217
          97     4.49709
          98     4.46851
          99     4.40192
           0     4.48272
           1     4.39335
           2     4.31087
           3     4.45978
           4     4.32515
           5     4.31478
           6     4.29024
           7     4.32643
           8     4.28906
           9     4.34114
          10     4.27757
          11     4.28342
          12     4.27757
          13     4.29997
          14     4.32679
          15     4.35871
          16     4.31159
          17     4.42177
          18     4.37222
          19      4.2935
          20     4.28345
          21     4.40133
          22     4.50335
          23     4.30354
          24     4.28738
          25     4.30161
          26     4.28995
          27     4.31989
          28     4.38246
          29     4.36695
          30     4.34014
          31     4.44967
          32     4.55323
          33     4.41031
          34      4.3046
          35     4.29834
          36     4.29633
          37     4.37958
          38      4.3319
          39     4.33374
          40     4.28699
          41     4.27757
          42     4.27757
          43     4.30071
          44     4.28025
          45     4.27757
          46     4.27757
          47     4.27757
          48     4.28166
          49     4.27939
          50     4.31628
          51     4.33003
          52     4.37961
          53     4.50905
          54     4.30651
          55      4.3115
          56     4.40818
          57     4.37243
          58     4.36654
          59      4.2837
          60     4.33244
          61     4.27875
          62     4.31914
          63     4.45092
          64     4.34928
          65     4.39092
          66     4.28694
          67     4.50275
          68     4.47373
          69     4.43144
          70     4.38926
          71     4.37667
          72      4.4085
          73     4.28048
          74     4.27757
          75     4.28034
          76     4.28734
          77      4.3511
          78     4.33065
          79     4.35845
          80     4.36891
          81     4.31232
          82      4.3218
          83     4.45633
          84     4.33632
          85     4.30746
          86     4.27757
          87     4.49867
          88     4.30708
          89     4.35511
          90     4.36423
          91     4.30828
          92     4.31996
          93     4.30376
          94     4.27757
          95     4.27757
          96     4.42344
          97     4.32716
          98     4.28622
          99     4.36512
           0     4.56137
           1     4.68889
           2     4.62298
           3     4.37205
           4     4.51328
           5     4.44104
           6     4.36464
           7     4.27893
           8     4.27757
           9     4.33362
          10     4.29653
          11     4.34528
          12     4.36855
          13     4.40693
          14     4.35233
          15     4.33963
          16     4.35303
          17     4.49671
          18     4.54751
          19     4.30164
          20     4.44706
          21     4.30044
          22     4.28398
          23      4.3021
          24     4.29939
          25     4.27761
          26     4.29061
          27     4.28627
          28     4.29549
          29     4.28706
          30     4.37046
          31     4.36729
          32     4.34746
          33     4.29622
          34     4.31338
          35     4.32738
          36     4.29498
          37     4.29398
          38     4.32759
          39     4.32811
          40     4.38299
          41      4.3984
          42     4.46163
          43     4.49451
          44     4.39292
          45     4.36984
          46     4.30607
          47     4.34179
          48     4.39053
          49     4.42061
          50     4.32433
          51      4.3758
          52     4.29547
          53     4.29778
          54     4.34013
          55     4.36364
          56     4.38087
          57     4.32531
          58       4.356
          59     4.30928
          60     4.39164
          61     4.30832
          62     4.31083
          63     4.29211
          64     4.28848
          65     4.42329
          66     4.27757
          67     4.27757
          68     4.28121
          69     4.32326
          70     4.30848
          71     4.32736
          72     4.74424
          73     4.33147
          74     4.43965
          75      4.2846
          76     4.28197
          77     4.27757
          78     4.27757
          79     4.27757
          80     4.30995
          81     4.54389
          82     4.40421
          83     4.37494
          84     4.28153
          85     4.31973
          86     4.30798
          87     4.38036
          88     4.34592
          89     4.27757
          90     4.28816
          91     4.37152
          92     4.46131
          93     4.47232
          94      4.3523
          95     4.35116
          96     4.31039
          97     4.30889
          98     4.44782
          99     4.52833
