           0      28.321
           1     26.0544
           2     24.4219
           3     22.3878
           4     20.7355
           5     19.3469
           6     17.4584
           7     16.7966
           8     15.9477
           9     15.4128
          10     14.8761
          11     14.2471
          12     13.7685
          13     13.2105
          14     12.7671
          15     12.4433
          16     12.0485
          17     11.6899
          18     11.6349
          19     11.1808
          20     10.8968
          21     10.6635
          22     10.5385
          23     10.3453
          24     9.85685
          25     9.85372
          26     9.77414
          27     9.64617
          28     9.52183
          29     9.48669
          30     9.29253
          31     8.98302
          32     8.93681
          33     8.92481
          34     8.85187
          35     8.88389
          36     8.79262
          37       8.764
          38     8.62888
          39     8.30094
          40      8.0295
          41     7.77051
          42     7.65903
          43      7.3354
          44     7.10547
          45     7.03519
          46     6.81933
          47      7.0235
          48     6.88618
          49     6.67734
          50     6.64362
          51     6.61402
          52     6.51659
          53     6.55883
          54     6.50287
          55     6.32913
          56     6.16783
          57     6.13278
          58     6.00815
          59     5.89824
          60     5.85033
          61     5.79083
          62     5.74666
          63     5.67596
          64     5.58489
          65     5.56265
          66     5.53671
          67     5.49673
          68     5.48131
          69     5.47778
          70     5.44669
          71     5.41184
          72     5.42624
          73     5.27668
          74     5.17495
          75     5.25227
          76     5.06595
          77     4.92733
          78     4.95741
          79     4.95518
          80     4.95986
          81     4.96511
          82     4.91502
          83     5.01582
          84     4.93495
          85      4.9339
          86     4.92997
          87     5.08677
          88     5.02344
          89     5.00116
          90     5.06053
          91     4.93716
          92     5.05704
          93     5.06613
          94     5.04361
          95     5.03198
          96      4.9727
          97     4.89776
          98     4.93431
          99     4.95407
           0     5.12785
           1     4.95369
           2     4.88141
           3     4.83458
           4      4.8306
           5     4.85157
           6     4.82486
           7     4.87056
           8     4.94331
           9     4.96334
          10     4.87124
          11     4.87838
          12     5.00482
          13     5.07393
          14     4.93156
          15     4.88982
          16     4.84739
          17     4.84404
          18     4.84855
          19     4.85963
          20     4.85463
          21     4.90287
          22     4.89293
          23     4.95059
          24     4.89311
          25      4.9327
          26     4.89785
          27     5.04031
          28     4.88916
          29     4.90711
          30     5.03035
          31     4.95949
          32     4.84936
          33     4.86747
          34     5.10484
          35     4.89293
          36      4.9465
          37     4.85132
          38     4.82695
          39      4.8212
          40     4.86048
          41     4.86597
          42      4.8799
          43     4.83732
          44     4.95232
          45     5.00061
          46     5.00297
          47     4.87422
          48     4.88027
          49      4.9124
          50     4.90556
          51     4.97752
          52      5.0503
          53      4.9914
          54     4.92552
          55     5.00963
          56     4.90905
          57     4.91879
          58     4.95495
          59     4.93727
          60     4.90913
          61     4.88265
          62     4.86921
          63     4.82098
          64     4.81873
          65     4.81873
          66      4.8409
          67     4.83065
          68     4.82787
          69      4.8408
          70     5.12299
          71     5.21195
          72     5.25107
          73     5.07026
          74     4.92552
          75     4.85062
          76     4.83178
          77     4.88205
          78     4.79688
          79     4.85627
          80     4.80373
          81     4.79797
          82     4.78101
          83     4.85406
          84     4.84552
          85     4.89192
          86     4.79197
          87     4.97639
          88      4.8832
          89     4.76937
          90     4.85358
          91     4.80731
          92     4.76937
          93     4.78471
          94     4.85578
          95     4.99307
          96     4.78901
          97     4.75188
          98     4.74939
          99     4.75593
           0     4.74161
           1     4.81702
           2     4.81135
           3     4.85166
           4     4.98814
           5     5.10054
           6     4.82939
           7     4.78409
           8     4.75644
           9     4.84004
          10     4.95574
          11      4.9201
          12     4.83942
          13     4.96834
          14     4.65435
          15     4.55075
          16     4.57091
          17       4.539
          18     4.52415
          19     4.54701
          20     4.56525
          21     4.63375
          22     4.54043
          23     4.53261
          24     4.63489
          25      4.5665
          26     4.59633
          27      4.5661
          28     4.55862
          29     4.59535
          30     4.53445
          31     4.54402
          32     4.55745
          33     4.58355
          34     4.54177
          35     4.54391
          36     4.57935
          37     4.65032
          38     4.57131
          39      4.5647
          40     4.55641
          41     4.57069
          42     4.56498
          43     4.65992
          44     4.55547
          45     4.56938
          46     4.56255
          47      4.6024
          48      4.5829
          49     4.62151
          50       4.689
          51      4.6809
          52     4.61462
          53     4.56394
          54     4.64351
          55     4.61041
          56     4.55391
          57     4.70855
          58        4.73
          59     4.65266
          60       4.618
          61     4.57194
          62     4.52464
          63      4.5244
          64     4.52415
          65     4.52446
          66     4.52415
          67     4.74397
          68     4.65828
          69     4.74315
          70       4.697
          71     4.95673
          72     4.81943
          73     4.60439
          74     4.57524
          75     4.61702
          76     4.54148
          77     4.52619
          78     4.52415
          79      4.5255
          80     4.52415
          81     4.52415
          82     4.52679
          83     4.56403
          84     4.54816
          85        4.54
          86     4.52415
          87     4.55303
          88     4.63965
          89     4.70123
          90     4.61854
          91     4.57699
          92     4.58342
          93     4.61001
          94     4.88694
          95     4.75443
          96     4.60443
          97     4.74535
          98     4.75289
          99     4.53894
           0     4.52415
           1     4.53062
           2     4.59006
           3     4.57797
           4       4.587
           5      4.7813
           6     4.63362
           7     4.73432
           8     4.62211
           9      4.7763
          10     4.61797
          11     4.61938
          12     4.66187
          13     4.58767
          14     4.52591
          15     4.52415
          16     4.55452
          17     4.58901
          18     4.54057
          19     4.53841
          20      4.7089
          21     4.56217
          22     4.66694
          23     4.65552
          24     4.63152
          25     4.61687
          26     4.56727
          27      4.5844
          28     4.58155
          29     4.63129
          30     4.57695
          31        4.53
          32     4.52415
          33     4.52415
          34     4.52415
          35     4.52415
          36     4.52415
          37      4.5254
          38     4.52464
          39     4.52415
          40     4.52858
          41     4.52415
          42     4.54591
          43      4.5244
          44     4.59836
          45     4.54898
          46     4.55982
          47     4.65997
          48     4.73502
          49     4.73541
          50     4.56761
          51      4.5941
          52     4.53585
          53     4.52415
          54     4.52415
          55     4.52547
          56     4.52415
          57     4.52681
          58     4.52455
          59     4.54038
          60     4.63938
          61     4.70066
          62     4.61822
          63     4.79092
          64     4.73172
          65     4.66601
          66     4.67716
          67     4.53613
          68     4.59967
          69     4.54811
          70     4.55657
          71     4.71448
          72     4.55552
          73     4.52766
          74     4.52983
          75     4.69663
          76     4.58381
          77      4.5524
          78     4.52711
          79     4.53506
          80     4.54233
          81     4.56821
          82     4.53348
          83     4.53751
          84     4.52859
          85     4.52444
          86     4.52415
          87     4.52415
          88     4.52415
          89     4.52415
          90     4.53232
          91     4.52415
          92     4.54918
          93     4.52565
          94     4.57905
          95     4.71089
          96     4.58865
          97     4.84926
          98     4.66552
          99     4.54063
           0     4.69726
           1     4.75349
           2     4.71629
           3     4.52498
           4     4.57544
           5     4.52665
           6     4.54617
           7     4.55357
           8     4.52415
           9     4.52415
          10     4.58363
          11     4.55767
          12      4.5596
          13     4.65073
          14     4.52745
          15     4.56726
          16     4.67617
          17     4.56917
          18      4.6046
          19     4.83908
          20     4.57785
          21     4.56365
          22     4.60315
          23     4.70969
          24     4.53989
          25     4.53047
          26     4.59148
          27     4.60826
          28     4.57732
          29     4.54375
          30     4.56124
          31      4.5609
          32     4.59046
          33     4.52758
          34     4.61943
          35     4.57002
          36     4.55213
          37      4.6228
          38     4.53288
          39     4.56223
          40     4.54189
          41     4.52415
          42     4.53966
          43      4.5785
          44     4.72287
          45     4.66457
          46      4.6003
          47     4.52524
          48     4.53062
          49     4.58997
          50     4.61617
          51     4.59191
          52     4.52415
          53     4.52415
          54     4.54527
          55      4.5813
          56     4.57046
          57     4.53117
          58     4.62193
          59      4.5522
          60     4.53875
          61     4.54115
          62      4.5482
          63     4.53297
          64     4.65921
          65     4.65859
          66     4.69403
          67     4.69914
          68     4.67028
          69     4.54343
          70     4.52415
          71     4.52415
          72     4.52415
          73     4.52415
          74     4.52415
          75     4.56071
          76     4.79419
          77      4.6076
          78     4.58631
          79     4.53916
          80     4.55443
          81     4.57868
          82     4.67083
          83     4.64704
          84     4.62445
          85     4.63216
          86     4.61602
          87     4.60497
          88      4.5522
          89     4.54921
          90     4.56761
          91     4.67267
          92     4.60447
          93     4.61206
          94      4.6617
          95     4.53081
          96      4.5922
          97     4.63847
          98     4.72489
          99      4.6182
           0     4.53504
           1     4.53311
           2     4.53917
           3     4.66738
           4     4.68743
           5     4.74924
           6     4.84435
           7     4.83924
           8     4.61723
           9     4.63034
          10     4.59492
          11      4.5254
          12     4.69916
          13     4.68945
          14     4.66553
          15     4.60826
          16     4.81853
          17     4.71586
          18     4.64715
          19     4.62235
          20     4.62131
          21     4.58291
          22     4.60185
          23     4.58146
          24     4.55447
          25     4.56727
          26     4.54584
          27     4.54466
          28     4.53588
          29     4.56719
          30     4.56956
          31     4.52415
          32     4.54678
          33      4.5425
          34     4.58099
          35     4.65964
          36      4.7756
          37     4.96172
          38     4.66089
          39     4.69806
          40     4.64253
          41     4.53883
          42     4.52748
          43     4.52415
          44     4.57583
          45     4.52415
          46     4.52415
          47     4.52415
          48     4.52415
          49     4.52415
          50     4.52415
          51     4.52415
          52     4.55975
          53     4.53112
          54     4.52415
          55     4.52714
          56     4.52665
          57     4.54392
          58     4.55239
          59     4.78304
          60     4.69885
          61     4.65397
          62      4.6133
          63     4.65151
          64     4.68748
          65     4.83158
          66     4.87257
          67     4.73999
          68     4.59459
          69     4.77652
          70     4.61743
          71     4.52415
          72      4.6123
          73     4.70015
          74      4.7112
          75     4.73052
          76     4.98321
          77     4.62177
          78     4.72074
          79     4.58513
          80     4.66045
          81     4.55516
          82     4.54227
          83     4.52415
          84     4.52415
          85     4.52415
          86     4.57846
          87     4.55519
          88      4.5671
          89     4.52818
          90     4.52415
          91     4.54489
          92     4.53852
          93     4.56441
          94     4.54952
          95     4.57202
          96     4.56095
          97     4.66879
          98     4.65914
          99     4.71038
           0     4.60286
           1     4.52415
           2     4.52415
           3     4.56963
           4     4.52415
           5     4.52705
           6      4.5345
           7     4.55719
           8      4.5441
           9     4.65182
          10     4.58571
          11     4.69097
          12     4.61374
          13     4.64227
          14     4.63964
          15     4.63715
          16     4.53222
          17     4.56228
          18     4.55976
          19      4.5999
          20     4.63349
          21     4.52415
          22     4.52415
          23     4.53786
          24     4.56905
          25       4.541
          26     4.52415
          27     4.60507
          28      4.5322
          29     4.55104
          30     4.52415
          31     4.55611
          32     4.52665
          33     4.52804
          34     4.61204
          35      4.5631
          36     4.59968
          37     4.66286
          38     4.56213
          39     4.62773
          40     4.57851
          41     4.52728
          42     4.52415
          43     4.57068
          44     4.90335
          45      4.7073
          46     4.59654
          47     4.53064
          48     4.54185
          49     4.53079
          50     4.56949
          51     4.52415
          52     4.52471
          53     4.52415
          54      4.5366
          55     4.54907
          56     4.54838
          57     4.66074
          58     4.59505
          59     4.58291
          60     4.53442
          61     4.54987
          62     4.56481
          63     4.64506
          64     4.57927
          65     4.59804
          66     4.54035
          67     4.60168
          68      4.5335
          69     4.52415
          70     4.52415
          71     4.52415
          72     4.60956
          73     4.59062
          74     4.60418
          75     4.75652
          76     4.55094
          77     4.57468
          78     4.67213
          79     4.69103
          80     4.62625
          81     4.58611
          82     4.53068
          83      4.5385
          84     4.54513
          85     4.57571
          86     4.67338
          87     4.52415
          88     4.55255
          89     4.56337
          90     4.56815
          91     4.60446
          92     4.58408
          93     4.52944
          94     4.53209
          95     4.55591
          96     4.56513
          97     4.57934
          98        4.53
          99     4.52532
           0     4.52415
           1     4.52415
           2     4.52415
           3     4.63074
           4     4.64612
           5     4.56909
           6     4.57262
           7     4.52774
           8       4.537
           9     4.52415
          10     4.52415
          11     4.52415
          12     4.55045
          13     4.59177
          14     4.61839
          15     4.69142
          16     4.91786
          17     4.82812
          18     4.75663
          19     4.60656
          20     4.64757
          21     4.54304
          22     4.52415
          23     4.53534
          24     4.52415
          25     4.56208
          26     4.70352
          27     4.84043
          28     4.66749
          29     4.56545
          30     4.52879
          31     4.52415
          32      4.5922
          33      4.6306
          34     4.61317
          35     4.57745
          36     4.60863
          37     4.65348
          38     4.69728
          39      4.7115
          40     4.65956
          41     4.59558
          42     4.53252
          43     4.52415
          44     4.52415
          45     4.53777
          46     4.63344
          47     4.55014
          48     4.57565
          49     4.53485
          50     4.52985
          51     4.52415
          52     4.57281
          53     4.54946
          54     4.54768
          55     4.54966
          56     4.81323
          57     4.74551
          58     4.71611
          59     4.67241
          60     4.76948
          61     4.60936
          62     4.64143
          63      4.5429
          64     4.52415
          65     4.52415
          66     4.53774
          67     4.52415
          68     4.52415
          69     4.55886
          70     4.53643
          71     4.60118
          72     4.63168
          73     4.57026
          74      4.5398
          75     4.52415
          76     4.52494
          77      4.5324
          78     4.58088
          79     4.63951
          80     4.60593
          81     4.58995
          82     4.58015
          83     4.52415
          84     4.56504
          85     4.58403
          86     4.57787
          87     4.56743
          88     4.57375
          89     4.61958
          90     4.63483
          91     4.74599
          92     4.58537
          93     4.56624
          94     4.55246
          95     4.56529
          96     4.60229
          97     4.52789
          98     4.55444
          99     4.63648
           0     4.64719
           1     4.58204
           2     4.54282
           3     4.55012
           4     4.60553
           5     4.58329
           6     4.56161
           7     4.58342
           8     4.55434
           9     4.57881
          10     4.61856
          11      4.5678
          12     4.52415
          13     4.52457
          14      4.6186
          15     4.63095
          16     4.62349
          17     4.61455
          18     4.55651
          19     4.56518
          20     4.55571
          21      4.5409
          22     4.54749
          23     4.52415
          24     4.52719
          25     4.67109
          26     4.62729
          27     4.56338
          28     4.56173
          29     4.55511
          30     4.56925
          31     4.67898
          32       4.676
          33     4.61732
          34     4.74899
          35     4.72857
          36     4.58126
          37     4.64641
          38     4.60165
          39     4.57853
          40     4.52596
          41     4.52506
          42     4.56168
          43     4.58521
          44     4.62486
          45     4.53263
          46     4.53042
          47     4.64119
          48     4.56633
          49     4.59005
          50     4.60456
          51     4.54687
          52     4.53621
          53     4.52415
          54     4.52415
          55     4.60171
          56     4.52415
          57     4.53508
          58     4.52415
          59     4.53157
          60     4.52796
          61     4.52457
          62     4.52415
          63     4.52415
          64     4.52415
          65     4.56372
          66      4.5423
          67     4.52415
          68      4.5254
          69     4.54414
          70     4.57411
          71     4.56951
          72     4.54122
          73       4.576
          74     4.60499
          75     4.52415
          76     4.56735
          77     4.71714
          78     4.52415
          79     4.52711
          80     4.53587
          81     4.58049
          82     4.56021
          83     4.69339
          84     4.64994
          85     4.59298
          86     4.62133
          87     4.75273
          88     4.80639
          89     4.55701
          90     4.53097
          91     4.59749
          92     4.69074
          93      4.6182
          94     4.66779
          95     4.53442
          96     4.57547
          97     4.60024
          98     4.58046
          99     4.60043
           0     4.56115
           1     4.57913
           2     4.61222
           3      4.5674
           4     4.57047
           5     4.72225
           6     4.75919
           7     4.65733
           8     4.82769
           9     5.02023
          10     4.68428
          11     4.59761
          12     4.57369
          13     4.63598
          14     4.55308
          15     4.55875
          16      4.6186
          17     4.62208
          18     4.61178
          19     4.57723
          20     4.56286
          21     4.61417
          22      4.6234
          23      4.5836
          24     4.60808
          25     4.56711
          26     4.59611
          27     4.64156
          28     4.60057
          29     4.64796
          30     4.54674
          31     4.56648
          32     4.55961
          33     4.52944
          34      4.5851
          35     4.59269
          36     4.58538
          37     4.53814
          38      4.5244
          39     4.56876
          40     4.59593
          41     4.63728
          42     4.54358
          43     4.52498
          44      4.5405
          45     4.56839
          46     4.52415
          47     4.52415
          48     4.55137
          49     4.52415
          50     4.53632
          51     4.53344
          52     4.52415
          53     4.52985
          54     4.52415
          55     4.52576
          56     4.54132
          57     4.53527
          58     4.63704
          59     4.72329
          60     4.61685
          61     4.52415
          62     4.54981
          63     4.55909
          64     4.59365
          65     4.53695
          66     4.52415
          67     4.52415
          68     4.52977
          69     4.63685
          70     4.60069
          71     4.61284
          72     4.67076
          73     4.53413
          74      4.5391
          75     4.54802
          76     4.66786
          77     4.64968
          78     4.64729
          79     4.59674
          80     4.58155
          81     4.57557
          82     4.55641
          83     4.54369
          84     4.53987
          85     4.55058
          86     4.72281
          87     4.80961
          88     4.62612
          89     4.59254
          90     4.55341
          91     4.53661
          92     4.53468
          93     4.62497
          94     4.57318
          95     4.65769
          96      4.6573
          97     4.69033
          98     4.68959
          99     4.59949
