           0     26.8193
           1     26.2002
           2     25.7112
           3     24.8093
           4     24.3026
           5     24.3026
           6     23.4011
           7     23.4011
           8     22.8084
           9     22.2759
          10      20.396
          11      20.396
          12     20.0746
          13     20.0746
          14     19.7825
          15     19.6909
          16     19.6997
          17     19.2404
          18     19.2404
          19     19.0412
          20     19.0412
          21     18.2277
          22     17.7168
          23     17.7168
          24     17.1213
          25     17.1213
          26     17.1213
          27     17.0509
          28     17.0315
          29     17.0315
          30     17.0315
          31     17.0315
          32     16.8095
          33     16.8095
          34     16.8095
          35     16.8095
          36     16.8095
          37     16.8095
          38     16.8095
          39     16.8095
          40     16.8095
          41      16.583
          42     16.4098
          43     16.4098
          44     16.4098
          45     16.4098
          46     16.4098
          47     16.4098
          48     16.4098
          49     16.4098
          50     16.4098
          51     16.4098
          52     16.4098
          53     16.4098
          54     16.2941
          55     16.2941
          56     16.2941
          57     16.2941
          58     16.2941
          59     16.2941
          60     16.2941
          61     16.2941
          62     16.2941
          63     16.2941
          64     16.1809
          65     16.2948
          66     16.1809
          67     16.1809
          68     16.1809
          69     16.3129
          70     16.3129
          71     16.3129
          72     16.0771
          73     16.3129
          74     16.3129
          75     15.8289
          76     15.8289
          77     15.8016
          78     15.8016
          79     15.6495
          80     15.6495
          81     15.6495
          82     15.6495
          83     15.6495
          84     15.6495
          85      15.417
          86     15.1171
          87     14.4593
          88     14.4593
          89     14.4593
          90     14.4593
          91     14.2795
          92     14.2795
          93     13.9844
          94      14.047
          95      14.047
          96      14.047
          97     13.7519
          98     13.7519
          99     13.7519
           0     13.7519
           1     13.7519
           2     13.7519
           3     13.7519
           4     13.7519
           5     13.7519
           6     13.7519
           7     13.7519
           8     13.7519
           9      13.668
          10     13.7519
          11     13.7519
          12     13.7925
          13     13.7925
          14     13.7519
          15     13.7925
          16     13.6554
          17     13.6554
          18     13.6554
          19     13.6554
          20     13.6554
          21     13.6554
          22     13.6149
          23     13.6149
          24     13.6554
          25     13.6554
          26     13.6554
          27     13.6554
          28     13.6554
          29     13.6554
          30     13.6554
          31     13.6149
          32     13.6554
          33     13.6554
          34     13.6554
          35     13.6554
          36     13.6554
          37     13.6554
          38     13.6554
          39     13.6554
          40     13.6554
          41     13.6712
          42     13.6554
          43     13.6554
          44     13.6554
          45     13.7118
          46     13.7118
          47     13.7118
          48     13.7118
          49     13.7118
          50     13.6712
          51     13.7118
          52     13.6554
          53     13.5873
          54     13.6712
          55     13.6712
          56     13.7118
          57     13.6712
          58     13.7118
          59     13.6712
          60     13.6712
          61     13.6712
          62     13.6712
          63     13.6712
          64     13.7118
          65     13.7118
          66     13.7118
          67     13.7118
          68     13.5873
          69     13.6712
          70     13.6712
          71     13.6712
          72     13.7118
          73     13.7118
          74     13.6554
          75     13.6554
          76     13.7118
          77     13.7118
          78     13.7118
          79     13.6712
          80     13.6554
          81     13.6554
          82     13.7118
          83     13.7118
          84     13.6712
          85     13.7118
          86     13.6712
          87     13.7118
          88     13.6554
          89     13.6554
          90     13.7118
          91     13.7118
          92     13.7118
          93     13.6712
          94     13.6712
          95     13.6712
          96     12.7036
          97     12.7036
          98     12.7036
          99     12.7036
           0     12.7036
           1     12.7036
           2     12.7036
           3     12.7036
           4     12.7036
           5     12.7036
           6     12.7036
           7     12.7036
           8     12.7036
           9     12.7036
          10     12.7036
          11     12.9682
          12     12.7036
          13     12.9682
          14     12.9682
          15     12.9682
          16     12.9682
          17     12.9682
          18     12.9682
          19     12.9682
          20     12.9682
          21     12.9682
          22     12.9682
          23     12.9682
          24     12.9682
          25     12.9682
          26     12.8686
          27      12.583
          28      12.583
          29      12.583
          30      12.583
          31      12.583
          32      12.583
          33      12.583
          34     12.4586
          35      12.583
          36     12.5267
          37     12.5267
          38      12.583
          39      12.583
          40      12.583
          41      12.583
          42      12.583
          43      12.583
          44      12.583
          45      12.583
          46      12.583
          47      12.583
          48      12.583
          49      12.583
          50      12.583
          51      12.583
          52      12.583
          53      12.583
          54     12.5267
          55      12.583
          56      12.583
          57      12.583
          58      12.583
          59      12.583
          60      12.583
          61      12.583
          62      12.583
          63      12.583
          64      12.583
          65      12.583
          66      12.583
          67      12.583
          68      12.583
          69      12.583
          70      12.583
          71      12.583
          72      12.583
          73     12.5267
          74      12.583
          75      12.583
          76      12.583
          77     12.5267
          78      12.583
          79      12.583
          80      12.583
          81      12.583
          82      12.583
          83      12.583
          84      12.583
          85      12.583
          86     12.5267
          87      12.583
          88      12.583
          89      12.583
          90      12.583
          91      12.583
          92      12.583
          93      12.583
          94      12.583
          95      12.583
          96      12.583
          97     12.4586
          98      12.583
          99      12.583
           0      12.583
           1      12.583
           2      12.583
           3      12.583
           4      12.583
           5      12.583
           6      12.583
           7      12.583
           8      12.583
           9      12.583
          10      12.583
          11      12.583
          12      12.583
          13      12.583
          14      12.583
          15      12.583
          16      12.583
          17      12.583
          18      12.583
          19      12.583
          20      12.583
          21     12.5641
          22     12.5641
          23      12.583
          24      12.583
          25      12.583
          26      12.583
          27      12.583
          28      12.583
          29      12.583
          30      12.583
          31      12.583
          32      12.583
          33      12.583
          34      12.583
          35      12.583
          36      12.583
          37      12.583
          38      12.583
          39      12.583
          40      12.583
          41      12.583
          42      12.583
          43     12.4586
          44      12.583
          45      12.583
          46      12.583
          47      12.583
          48      12.583
          49      12.583
          50      12.583
          51      12.583
          52      12.583
          53      12.583
          54      12.583
          55      12.583
          56      12.583
          57      12.583
          58      12.583
          59      12.583
          60     12.5267
          61      12.583
          62      12.583
          63      12.583
          64      12.583
          65      12.583
          66      12.583
          67      12.583
          68      12.583
          69      12.583
          70      12.583
          71      12.583
          72      12.583
          73      12.583
          74      12.583
          75      12.583
          76      12.583
          77      12.583
          78      12.583
          79     12.5641
          80      12.583
          81      12.583
          82      12.583
          83      12.583
          84      12.583
          85      12.583
          86      12.583
          87      12.583
          88      12.583
          89      12.583
          90      12.583
          91      12.583
          92      12.583
          93      12.583
          94      12.583
          95      12.583
          96      12.583
          97      12.583
          98      12.583
          99      12.583
           0      12.583
           1      12.583
           2      12.583
           3      12.583
           4      12.583
           5      12.583
           6      12.583
           7      12.583
           8      12.583
           9      12.583
          10      12.583
          11      12.583
          12      12.583
          13     12.5267
          14      12.583
          15      12.583
          16      12.583
          17      12.583
          18      12.583
          19      12.583
          20      12.583
          21      12.583
          22     12.5267
          23      12.583
          24      12.583
          25     12.5267
          26      12.583
          27      12.583
          28      12.583
          29      12.583
          30      12.583
          31      12.583
          32      12.583
          33      12.583
          34      12.583
          35      12.583
          36      12.583
          37      12.583
          38      12.583
          39      12.583
          40      12.583
          41      12.583
          42     12.4586
          43      12.583
          44      12.583
          45      12.583
          46      12.583
          47      12.583
          48      12.583
          49      12.583
          50      12.583
          51      12.583
          52      12.583
          53      12.583
          54      12.583
          55      12.583
          56      12.583
          57      12.583
          58      12.583
          59      12.583
          60      12.583
          61      12.583
          62      12.583
          63      12.583
          64      12.583
          65      12.583
          66      12.583
          67      12.583
          68      12.583
          69      12.583
          70      12.583
          71      12.583
          72      12.583
          73      12.583
          74     12.5641
          75     12.5641
          76      12.583
          77      12.583
          78      12.583
          79      12.583
          80      12.583
          81      12.583
          82      12.583
          83      12.583
          84      12.583
          85      12.583
          86      12.583
          87      12.583
          88      12.583
          89      12.583
          90      12.583
          91      12.583
          92      12.583
          93      12.583
          94      12.583
          95      12.583
          96      12.583
          97      12.583
          98      12.583
          99      12.583
           0      12.583
           1      12.583
           2      12.583
           3     12.4586
           4     12.5641
           5      12.583
           6      12.583
           7      12.583
           8      12.583
           9      12.583
          10      12.583
          11      12.583
          12      12.583
          13      12.583
          14      12.583
          15      12.583
          16      12.583
          17      12.583
          18      12.583
          19      12.583
          20      12.583
          21      12.583
          22      12.583
          23     12.4586
          24      12.583
          25      12.583
          26      12.583
          27      12.583
          28      12.583
          29      12.583
          30      12.583
          31     12.5267
          32     12.5267
          33     12.4586
          34      12.583
          35      12.583
          36      12.583
          37      12.583
          38      12.583
          39      12.583
          40      12.583
          41      12.583
          42      12.583
          43      12.583
          44      12.583
          45      12.583
          46      12.583
          47      12.583
          48      12.583
          49      12.583
          50      12.583
          51      12.583
          52      12.583
          53      12.583
          54      12.583
          55      12.583
          56      12.583
          57      12.583
          58      12.583
          59      12.583
          60      12.583
          61      12.583
          62      12.583
          63      12.583
          64      12.583
          65      12.583
          66      12.583
          67      12.583
          68     12.5267
          69      12.583
          70      12.583
          71      12.583
          72      12.583
          73      12.583
          74      12.583
          75      12.583
          76      12.583
          77      12.583
          78      12.583
          79      12.583
          80      12.583
          81      12.583
          82      12.583
          83      12.583
          84      12.583
          85      12.583
          86      12.583
          87      12.583
          88      12.583
          89      12.583
          90      12.583
          91      12.583
          92      12.583
          93      12.583
          94      12.583
          95      12.583
          96      12.583
          97      12.583
          98      12.583
          99      12.583
           0      12.583
           1      12.583
           2      12.583
           3      12.583
           4      12.583
           5      12.583
           6      12.583
           7     12.5641
           8     12.5641
           9      12.583
          10      12.583
          11      12.583
          12      12.583
          13      12.583
          14      12.583
          15      12.583
          16      12.583
          17      12.583
          18      12.583
          19      12.583
          20      12.583
          21      12.583
          22      12.583
          23      12.583
          24      12.583
          25      12.583
          26      12.583
          27      12.583
          28      12.583
          29      12.583
          30      12.583
          31      12.583
          32      12.583
          33      12.583
          34      12.583
          35      12.583
          36      12.583
          37      12.583
          38      12.583
          39      12.583
          40      12.583
          41      12.583
          42      12.583
          43      12.583
          44     12.5641
          45     12.5267
          46      12.583
          47      12.583
          48      12.583
          49      12.583
          50      12.583
          51      12.583
          52      12.583
          53      12.583
          54      12.583
          55      12.583
          56      12.583
          57      12.583
          58      12.583
          59      12.583
          60     12.4586
          61     12.5267
          62     12.4586
          63      12.583
          64      12.583
          65      12.583
          66      12.583
          67      12.583
          68      12.583
          69      12.583
          70      12.583
          71      12.583
          72      12.583
          73      12.583
          74      12.583
          75      12.583
          76      12.583
          77      12.583
          78      12.583
          79      12.583
          80      12.583
          81     12.5641
          82      12.583
          83      12.583
          84      12.583
          85     12.4586
          86      12.583
          87      12.583
          88      12.583
          89      12.583
          90      12.583
          91      12.583
          92      12.583
          93      12.583
          94      12.583
          95      12.583
          96      12.583
          97      12.583
          98      12.583
          99      12.583
           0      12.583
           1      12.583
           2      12.583
           3      12.583
           4      12.583
           5      12.583
           6      12.583
           7      12.583
           8      12.583
           9      12.583
          10      12.583
          11     12.4586
          12      12.583
          13      12.583
          14      12.583
          15      12.583
          16     12.5641
          17      12.583
          18      12.583
          19      12.583
          20      12.583
          21      12.583
          22      12.583
          23      12.583
          24      12.583
          25      12.583
          26      12.583
          27      12.583
          28      12.583
          29     12.5267
          30     12.5267
          31      12.583
          32      12.583
          33      12.583
          34      12.583
          35      12.583
          36      12.583
          37      12.583
          38      12.583
          39      12.583
          40      12.583
          41      12.583
          42      12.583
          43      12.583
          44     12.5267
          45      12.583
          46      12.583
          47      12.583
          48      12.583
          49      12.583
          50      12.583
          51      12.583
          52     12.5267
          53      12.583
          54      12.583
          55      12.583
          56      12.583
          57      12.583
          58      12.583
          59      12.583
          60      12.583
          61      12.583
          62      12.583
          63      12.583
          64      12.583
          65      12.583
          66      12.583
          67      12.583
          68      12.583
          69      12.583
          70      12.583
          71      12.583
          72      12.583
          73      12.583
          74      12.583
          75      12.583
          76      12.583
          77      12.583
          78      12.583
          79      12.583
          80      12.583
          81      12.583
          82      12.583
          83     12.4586
          84      12.583
          85      12.583
          86      12.583
          87      12.583
          88      12.583
          89      12.583
          90      12.583
          91      12.583
          92      12.583
          93      12.583
          94      12.583
          95      12.583
          96      12.583
          97      12.583
          98      12.583
          99      12.583
           0      12.583
           1      12.583
           2      12.583
           3      12.583
           4      12.583
           5      12.583
           6     12.4586
           7      12.583
           8      12.583
           9      12.583
          10      12.583
          11      12.583
          12      12.583
          13      12.583
          14      12.583
          15      12.583
          16      12.583
          17      12.583
          18      12.583
          19      12.583
          20      12.583
          21      12.583
          22      12.583
          23      12.583
          24      12.583
          25      12.583
          26      12.583
          27      12.583
          28      12.583
          29      12.583
          30      12.583
          31     12.5267
          32     12.5267
          33      12.583
          34      12.583
          35      12.583
          36      12.583
          37      12.583
          38      12.583
          39      12.583
          40      12.583
          41      12.583
          42      12.583
          43      12.583
          44      12.583
          45      12.583
          46      12.583
          47      12.583
          48      12.583
          49      12.583
          50      12.583
          51      12.583
          52      12.583
          53      12.583
          54      12.583
          55      12.583
          56      12.583
          57      12.583
          58      12.583
          59      12.583
          60     12.5267
          61      12.583
          62      12.583
          63      12.583
          64      12.583
          65      12.583
          66      12.583
          67      12.583
          68      12.583
          69     12.5267
          70      12.583
          71      12.583
          72      12.583
          73      12.583
          74      12.583
          75      12.583
          76      12.583
          77      12.583
          78      12.583
          79      12.583
          80      12.583
          81      12.583
          82      12.583
          83      12.583
          84      12.583
          85      12.583
          86      12.583
          87      12.583
          88      12.583
          89      12.583
          90      12.583
          91      12.583
          92      12.583
          93      12.583
          94      12.583
          95     12.5641
          96     12.5641
          97     12.5641
          98     12.5641
          99      12.583
           0      12.583
           1     12.5267
           2     12.5267
           3     12.5267
           4      12.583
           5      12.583
           6      12.583
           7      12.583
           8      12.583
           9     12.4586
          10     12.4586
          11     12.4586
          12      12.583
          13      12.583
          14      12.583
          15      12.583
          16      12.583
          17      12.583
          18      12.583
          19      12.583
          20      12.583
          21      12.583
          22      12.583
          23      12.583
          24      12.583
          25      12.583
          26      12.583
          27      12.583
          28      12.583
          29      12.583
          30      12.583
          31      12.583
          32      12.583
          33      12.583
          34      12.583
          35      12.583
          36      12.583
          37      12.583
          38      12.583
          39      12.583
          40      12.583
          41      12.583
          42      12.583
          43      12.583
          44      12.583
          45      12.583
          46      12.583
          47      12.583
          48      12.583
          49      12.583
          50      12.583
          51      12.583
          52      12.583
          53      12.583
          54      12.583
          55      12.583
          56      12.583
          57      12.583
          58     12.5267
          59      12.583
          60      12.583
          61      12.583
          62      12.583
          63      12.583
          64      12.583
          65      12.583
          66      12.583
          67      12.583
          68      12.583
          69      12.583
          70      12.583
          71      12.583
          72      12.583
          73      12.583
          74      12.583
          75      12.583
          76      12.583
          77      12.583
          78      12.583
          79      12.583
          80      12.583
          81      12.583
          82      12.583
          83      12.583
          84      12.583
          85      12.583
          86      12.583
          87      12.583
          88      12.583
          89      12.583
          90      12.583
          91      12.583
          92      12.583
          93      12.583
          94      12.583
          95      12.583
          96      12.583
          97      12.583
          98      12.583
          99      12.583
