           0     25.3481
           1     24.8097
           2     22.3058
           3      22.235
           4      22.069
           5     21.8218
           6     21.1065
           7     21.1065
           8     20.4128
           9     20.4128
          10      20.206
          11     20.1624
          12      19.975
          13     19.9248
          14     19.7098
          15     18.9367
          16     18.9367
          17     18.8325
          18     18.8805
          19     18.5137
          20     18.3167
          21     18.2288
          22     17.9398
          23     17.9398
          24     17.5606
          25     17.5606
          26     17.5606
          27     17.3921
          28     17.3921
          29     17.3921
          30     17.3921
          31     17.3921
          32     17.4509
          33     17.4509
          34     17.3964
          35     17.3244
          36     17.3244
          37     17.1466
          38     16.8936
          39     16.8936
          40     16.8936
          41     16.8936
          42     16.8936
          43     16.7245
          44     16.8936
          45     16.8936
          46     16.8936
          47     16.8543
          48     16.8543
          49     16.8543
          50     16.8362
          51     16.8362
          52     16.5165
          53     16.3986
          54     16.3986
          55     16.3986
          56     16.3986
          57     16.3986
          58     16.3986
          59     16.3986
          60     16.3331
          61     16.3331
          62     16.3763
          63     16.2328
          64     16.2328
          65     16.1784
          66     15.8853
          67     15.8629
          68     15.8853
          69     15.8853
          70     15.8853
          71     15.6348
          72     15.6348
          73     15.6348
          74     15.6348
          75     15.6348
          76       15.45
          77       15.45
          78       15.45
          79       15.45
          80       15.45
          81       15.45
          82     15.4066
          83       15.45
          84       15.45
          85       15.45
          86       15.45
          87       15.45
          88       15.45
          89     15.1407
          90     15.1407
          91     15.1407
          92     15.1407
          93     15.1407
          94     15.1407
          95     15.1407
          96     15.1407
          97     15.1407
          98     15.1407
          99     15.1407
           0      14.372
           1      14.372
           2      14.372
           3      14.372
           4     14.3337
           5     14.3337
           6     14.3337
           7     14.3337
           8     14.3337
           9     14.3337
          10     14.3337
          11     14.1437
          12     14.1194
          13     14.1194
          14     14.1194
          15     14.1194
          16     14.1194
          17      14.089
          18     14.1194
          19     14.1194
          20     14.1194
          21     14.0118
          22     14.0118
          23     14.0118
          24     14.0118
          25     14.0118
          26     14.0118
          27     14.0118
          28     14.0118
          29     14.0118
          30     14.0118
          31     14.0118
          32      14.089
          33     14.1194
          34     14.0974
          35     14.0974
          36     14.0118
          37     14.0118
          38     13.9985
          39     13.9985
          40     13.9985
          41     13.9985
          42     13.9985
          43     13.9985
          44     13.9985
          45     13.9985
          46     13.9985
          47     13.9985
          48     13.9985
          49     13.8909
          50     13.8909
          51     13.8909
          52     13.8909
          53     13.9985
          54     13.9681
          55     13.9985
          56     13.9985
          57     13.6086
          58     13.5888
          59     13.5888
          60     13.5865
          61     13.5888
          62     13.5888
          63     13.5888
          64     13.5267
          65     13.5267
          66     13.5267
          67     13.5267
          68     13.5267
          69     13.5267
          70     13.5888
          71     13.2926
          72     13.2926
          73     13.2926
          74     13.2926
          75     13.2926
          76     13.2926
          77     13.2926
          78     13.2926
          79     13.2926
          80     13.2926
          81     13.2926
          82     13.2926
          83     12.7695
          84     12.7695
          85     12.7695
          86     12.7695
          87     12.7695
          88     12.7695
          89     12.6618
          90     12.6618
          91     12.6618
          92     12.7695
          93     12.7695
          94     12.7695
          95     12.7695
          96     12.7695
          97     12.7636
          98     12.7695
          99     12.7695
           0     12.7695
           1     12.7695
           2     12.7695
           3     12.2856
           4     12.2856
           5     12.2856
           6     11.8656
           7     11.8656
           8     11.8656
           9     11.8656
          10     11.8656
          11     11.8656
          12     11.8656
          13     11.8656
          14     11.8656
          15     11.8656
          16     11.8656
          17     11.8656
          18     11.8656
          19     11.8656
          20     11.8656
          21     11.8656
          22     11.8656
          23     11.8656
          24     11.8656
          25     11.8656
          26     11.8074
          27     11.7363
          28     11.7363
          29     11.5635
          30     11.5635
          31     11.5635
          32     11.5635
          33     11.5635
          34     11.5635
          35      11.533
          36     11.5635
          37     11.5635
          38     11.5635
          39     11.5635
          40     11.5635
          41     11.5635
          42     11.5635
          43     11.5635
          44     11.5635
          45     11.5635
          46     11.5635
          47     11.5635
          48     11.5635
          49     11.5014
          50     11.5415
          51     11.5415
          52     11.5635
          53     11.5635
          54     11.5598
          55     11.5598
          56     11.5014
          57     11.5598
          58     11.5598
          59     11.5598
          60     11.5598
          61     11.5598
          62     11.5598
          63     11.5598
          64     11.5598
          65     11.5598
          66     11.5598
          67     11.5598
          68     11.5293
          69     11.5598
          70     11.5598
          71     11.5598
          72     11.5598
          73     11.5598
          74     11.5598
          75     11.5598
          76     11.5598
          77     11.5598
          78     11.4977
          79     11.5598
          80     11.5598
          81     11.5598
          82     11.5377
          83     11.5377
          84     11.5377
          85     11.5293
          86     11.5598
          87     11.5598
          88     11.5598
          89     11.5598
          90     11.4977
          91     11.5598
          92     11.5598
          93     11.5598
          94     11.5377
          95     11.5598
          96     11.5598
          97     11.5598
          98     11.5598
          99     11.5293
           0     11.5293
           1     11.5293
           2     11.5293
           3     11.4521
           4     11.5598
           5     11.5598
           6     11.5293
           7     11.4977
           8     11.4521
           9     11.5598
          10     11.5598
          11     11.5598
          12     11.5598
          13     11.5598
          14     11.5598
          15     11.5598
          16     11.5598
          17     11.5598
          18     11.5598
          19     11.5293
          20     11.5293
          21     11.5293
          22     11.5598
          23     11.5598
          24     11.5377
          25     11.5377
          26     11.5377
          27     11.5598
          28     11.5598
          29     11.5598
          30     11.5598
          31     11.5598
          32     11.5598
          33     11.5598
          34     11.5598
          35     11.5598
          36     11.5598
          37     11.5598
          38     11.5598
          39     11.5598
          40     11.5598
          41     11.5598
          42     11.5598
          43     11.5598
          44     11.5598
          45     11.5598
          46     11.5598
          47     11.5598
          48     11.5598
          49     11.5598
          50     11.5598
          51     11.5598
          52     11.5598
          53     11.5598
          54     11.5598
          55     11.5598
          56     11.5293
          57     11.4977
          58     11.5044
          59     11.5044
          60     11.5044
          61     11.5598
          62     11.5598
          63     11.4977
          64     11.5044
          65     11.5044
          66     11.4521
          67     11.5314
          68     11.4977
          69     11.5598
          70     11.5044
          71     11.5044
          72     11.5598
          73     11.5598
          74     11.5598
          75     11.5598
          76     11.5598
          77     11.5598
          78     11.5598
          79     11.5598
          80     11.4521
          81     11.5598
          82     11.5377
          83     11.5598
          84     11.5598
          85     11.5598
          86     11.5598
          87     11.5598
          88     11.5598
          89     11.4977
          90     11.4977
          91     11.4977
          92     11.4977
          93     11.5598
          94     11.5598
          95     11.5598
          96     11.5293
          97     11.5044
          98     11.5598
          99     11.5598
           0     11.5598
           1     11.5598
           2     11.5598
           3     11.5293
           4     11.5598
           5     11.5598
           6     11.4521
           7     11.5598
           8     11.5598
           9     11.5598
          10     11.4977
          11     11.4977
          12     11.4521
          13     11.5598
          14     11.4977
          15     11.5293
          16     11.5293
          17     11.5598
          18     11.4521
          19     11.5598
          20     11.5598
          21     11.5598
          22     11.5598
          23     11.5598
          24     11.5598
          25     11.5314
          26     11.5314
          27     11.5314
          28     11.5598
          29     11.5598
          30     11.5598
          31     11.5598
          32     11.5598
          33     11.5598
          34     11.5598
          35     11.5598
          36     11.5598
          37     11.5598
          38     11.5044
          39     11.5044
          40     11.4977
          41     11.5598
          42     11.5598
          43     11.5598
          44     11.5598
          45     11.5598
          46     11.5293
          47     11.5598
          48     11.5598
          49     11.5598
          50     11.5598
          51     11.5598
          52     11.5598
          53     11.5598
          54     11.5598
          55     11.5044
          56     11.5598
          57     11.5598
          58     11.5598
          59     11.5598
          60     11.5598
          61     11.5598
          62     11.5293
          63     11.5598
          64     11.5598
          65     11.5598
          66     11.5293
          67     11.5598
          68     11.5598
          69     11.5598
          70     11.5598
          71     11.5598
          72     11.5598
          73     11.5598
          74     11.5598
          75     11.5598
          76     11.5293
          77     11.5598
          78     11.5598
          79     11.5598
          80     11.5598
          81     11.5598
          82     11.4521
          83     11.4521
          84     11.4521
          85     11.5598
          86     11.5598
          87     11.5314
          88     11.5314
          89     11.5314
          90     11.5293
          91     11.5044
          92     11.5598
          93     11.5598
          94     11.4977
          95     11.5598
          96     11.5598
          97     11.5044
          98     11.5044
          99     11.5044
           0     11.5044
           1     11.5598
           2     11.5598
           3     11.5598
           4     11.5598
           5     11.5598
           6     11.5598
           7     11.4521
           8     11.4521
           9     11.5598
          10     11.5598
          11     11.5598
          12     11.5598
          13     11.5598
          14     11.5598
          15     11.5044
          16     11.4977
          17     11.4977
          18     11.5598
          19     11.5598
          20     11.5598
          21     11.4521
          22     11.4521
          23     11.4521
          24     11.4521
          25     11.5598
          26     11.5598
          27     11.5598
          28     11.5598
          29     11.5598
          30     11.5598
          31     11.5598
          32     11.5598
          33     11.5598
          34     11.5598
          35     11.5598
          36     11.5598
          37     11.5598
          38     11.5598
          39     11.5598
          40     11.5598
          41     11.5598
          42     11.5598
          43     11.5598
          44     11.5598
          45     11.5598
          46     11.5598
          47     11.5598
          48     11.5293
          49     11.5293
          50     11.5314
          51     11.5598
          52     11.4521
          53     11.5598
          54     11.5598
          55     11.5598
          56     11.5598
          57     11.5598
          58     11.4977
          59     11.5598
          60     11.5598
          61     11.5598
          62     11.5598
          63     11.5598
          64     11.5598
          65     11.5598
          66     11.5598
          67     11.5598
          68     11.5598
          69     11.5598
          70     11.5598
          71     11.5598
          72     11.5598
          73     11.5598
          74     11.5598
          75     11.5598
          76     11.5598
          77     11.5598
          78     11.5598
          79     11.5293
          80     11.5293
          81     11.5598
          82     11.5598
          83     11.5598
          84     11.5314
          85     11.5293
          86     11.5598
          87     11.5598
          88     11.5598
          89     11.5598
          90     11.5598
          91     11.4521
          92     11.5598
          93     11.5598
          94     11.5598
          95     11.5598
          96     11.5598
          97     11.5598
          98     11.5598
          99     11.5293
           0     11.5598
           1     11.5598
           2     11.5598
           3     11.5377
           4     11.5377
           5     11.5598
           6     11.5044
           7     11.5598
           8     11.5598
           9     11.5598
          10     11.5598
          11     11.5598
          12     11.5598
          13     11.5598
          14     11.5598
          15     11.5598
          16     11.5598
          17     11.5598
          18     11.4977
          19     11.5598
          20     11.5598
          21     11.5598
          22     11.5293
          23     11.5293
          24     11.5293
          25     11.5598
          26     11.5598
          27     11.5598
          28     11.5598
          29     11.5598
          30     11.5598
          31     11.5293
          32     11.5293
          33     11.5293
          34     11.5293
          35     11.5293
          36     11.5293
          37     11.5293
          38     11.5598
          39     11.5314
          40     11.5598
          41     11.5314
          42     11.5314
          43     11.5598
          44     11.5598
          45     11.5598
          46     11.5598
          47     11.5598
          48     11.5598
          49     11.5598
          50     11.4521
          51     11.4521
          52     11.5598
          53     11.5598
          54     11.5598
          55     11.5598
          56     11.5598
          57     11.5598
          58     11.5598
          59     11.5598
          60     11.5598
          61     11.5598
          62     11.5598
          63     11.5598
          64     11.5598
          65     11.5598
          66     11.5598
          67     11.5598
          68     11.5598
          69     11.5598
          70     11.5314
          71     11.5598
          72     11.5598
          73     11.5293
          74     11.4977
          75     11.5293
          76     11.4977
          77     11.4977
          78     11.4977
          79     11.4977
          80     11.5598
          81     11.4521
          82     11.5377
          83     11.5377
          84     11.5377
          85     11.5598
          86     11.4521
          87     11.5598
          88     11.5598
          89     11.5377
          90     11.5598
          91     11.5598
          92     11.4977
          93     11.4977
          94     11.4977
          95     11.5598
          96     11.5598
          97     11.5314
          98     11.5314
          99     11.5598
           0     11.5598
           1     11.5598
           2     11.5598
           3     11.5598
           4     11.5598
           5     11.5598
           6     11.5598
           7     11.4521
           8     11.4521
           9     11.5598
          10     11.5598
          11     11.5598
          12     11.5598
          13     11.5598
          14     11.5598
          15     11.5314
          16     11.5314
          17     11.5598
          18     11.5044
          19     11.5293
          20     11.5293
          21     11.5293
          22     11.5293
          23     11.5598
          24     11.5598
          25     11.5598
          26     11.5598
          27     11.5598
          28     11.5598
          29     11.5598
          30     11.5598
          31     11.5598
          32     11.5598
          33     11.4521
          34     11.4521
          35     11.4521
          36     11.4521
          37     11.5598
          38     11.5598
          39     11.5293
          40     11.5598
          41     11.5598
          42     11.4977
          43     11.5598
          44     11.5598
          45     11.5598
          46     11.5598
          47     11.5598
          48     11.4977
          49     11.5598
          50     11.5598
          51     11.5598
          52     11.5598
          53     11.5598
          54     11.5598
          55     11.4977
          56     11.5598
          57     11.5598
          58     11.5598
          59     11.5314
          60     11.5598
          61     11.4521
          62     11.5598
          63     11.5598
          64     11.5598
          65     11.5293
          66     11.5293
          67     11.5293
          68     11.5293
          69     11.5598
          70     11.5314
          71     11.5598
          72     11.5598
          73     11.5598
          74     11.5598
          75     11.5598
          76     11.5598
          77     11.5598
          78     11.5598
          79     11.5598
          80     11.5598
          81     11.5598
          82     11.5598
          83     11.5598
          84     11.5598
          85     11.5598
          86     11.5598
          87     11.5598
          88     11.5598
          89     11.5598
          90     11.5598
          91     11.5293
          92     11.5293
          93     11.5598
          94     11.4977
          95     11.4977
          96     11.4521
          97     11.5044
          98     11.5044
          99     11.5598
           0     11.5377
           1     11.5377
           2     11.5598
           3     11.5598
           4     11.5598
           5     11.5598
           6     11.5598
           7     11.5598
           8     11.5598
           9     11.4977
          10     11.5598
          11     11.5598
          12     11.5598
          13     11.5598
          14     11.5598
          15     11.5598
          16     11.5598
          17     11.5598
          18     11.5598
          19     11.5598
          20     11.5598
          21     11.5598
          22     11.5598
          23     11.5598
          24     11.5598
          25     11.5598
          26     11.5598
          27     11.5598
          28     11.5377
          29     11.5598
          30     11.5598
          31     11.5293
          32     11.5293
          33     11.5293
          34     11.5293
          35     11.5293
          36     11.5598
          37     11.5598
          38     11.5598
          39     11.5598
          40     11.5598
          41     11.5598
          42     11.5598
          43     11.5598
          44     11.5598
          45     11.5314
          46     11.5314
          47     11.5314
          48     11.5598
          49     11.5598
          50     11.5598
          51     11.5598
          52     11.5598
          53     11.5598
          54     11.5598
          55     11.5314
          56     11.5598
          57     11.5598
          58     11.5598
          59     11.5598
          60     11.5598
          61     11.5598
          62     11.5598
          63     11.4977
          64     11.5598
          65     11.5598
          66     11.5598
          67     11.5598
          68     11.4521
          69     11.5598
          70     11.5598
          71     11.5598
          72     11.5598
          73     11.5598
          74     11.5598
          75     11.5598
          76     11.5598
          77     11.5598
          78     11.5598
          79     11.5598
          80     11.5598
          81     11.5598
          82     11.5598
          83     11.5598
          84     11.5598
          85     11.5598
          86     11.5598
          87     11.4977
          88     11.4977
          89     11.5598
          90     11.5598
          91     11.4977
          92     11.4977
          93     11.4977
          94     11.5598
          95     11.5293
          96     11.5293
          97     11.4521
          98     11.4521
          99     11.5598
           0     11.5598
           1     11.5598
           2     11.5598
           3     11.5598
           4     11.5293
           5     11.5598
           6     11.5598
           7     11.5598
           8     11.5598
           9     11.5598
          10     11.5598
          11     11.5377
          12     11.5293
          13     11.5293
          14     11.5293
          15     11.5598
          16     11.5598
          17     11.5598
          18     11.5598
          19     11.4521
          20     11.4521
          21     11.4521
          22     11.5598
          23     11.5598
          24     11.4521
          25     11.5598
          26     11.5598
          27     11.5598
          28     11.5598
          29     11.5598
          30     11.5598
          31     11.5598
          32     11.5598
          33     11.5598
          34     11.5293
          35     11.5293
          36     11.5293
          37     11.5293
          38     11.5293
          39     11.5598
          40     11.5293
          41     11.5598
          42     11.5598
          43     11.5598
          44     11.5598
          45     11.4521
          46     11.4521
          47     11.4521
          48     11.5598
          49     11.5598
          50     11.5598
          51     11.5598
          52     11.5293
          53     11.5598
          54     11.5598
          55     11.5598
          56     11.5598
          57     11.5598
          58     11.5293
          59     11.4977
          60     11.5314
          61     11.5598
          62     11.5598
          63     11.5598
          64     11.5598
          65     11.5598
          66     11.5598
          67     11.5598
          68     11.5598
          69     11.5598
          70     11.5598
          71     11.5598
          72     11.5598
          73     11.5598
          74     11.5598
          75     11.5598
          76     11.5598
          77     11.5598
          78     11.4977
          79     11.5598
          80     11.5044
          81     11.5044
          82     11.5293
          83     11.5598
          84     11.5598
          85     11.5598
          86     11.5598
          87     11.5598
          88     11.5598
          89     11.5598
          90     11.5598
          91     11.5598
          92     11.5598
          93     11.5598
          94     11.5598
          95     11.5598
          96     11.5598
          97     11.5598
          98     11.5598
          99     11.5598
