           0     24.1221
           1     22.3869
           2     21.7434
           3     21.0469
           4     21.0469
           5     20.0033
           6      19.881
           7      18.821
           8     18.4712
           9      18.821
          10     17.9461
          11     17.8968
          12     17.8968
          13     17.8497
          14     17.6348
          15     17.0361
          16     16.9183
          17     16.6016
          18       16.24
          19     15.9368
          20     15.7115
          21     15.7115
          22     15.7082
          23     15.7082
          24     15.6642
          25     15.7082
          26     15.5067
          27     15.4643
          28     15.0634
          29     15.0634
          30     15.0634
          31     15.0634
          32     15.0634
          33     15.0532
          34     14.8614
          35     14.7728
          36     14.5707
          37     14.5691
          38     13.9013
          39     13.6993
          40     13.6993
          41     13.6993
          42     13.3026
          43     13.3026
          44     13.3026
          45     13.0347
          46     13.0347
          47     13.0347
          48     13.0347
          49     12.4969
          50     12.4969
          51     12.4969
          52     12.4214
          53     12.2458
          54     12.2458
          55     12.2458
          56     12.2458
          57     12.2458
          58     12.1899
          59     11.7892
          60     11.7892
          61     11.7892
          62     11.7892
          63     11.7167
          64     11.7167
          65     11.7167
          66     11.7167
          67     11.7167
          68     11.5685
          69     11.5685
          70     11.5685
          71     10.9747
          72     10.9747
          73     10.9747
          74     10.9747
          75     10.9747
          76     10.9747
          77     10.9017
          78     10.9747
          79     10.9747
          80     10.9747
          81     10.9747
          82     10.9017
          83     10.9747
          84     10.9747
          85     10.9747
          86     10.9747
          87     10.9747
          88     10.9747
          89     10.9747
          90     10.9747
          91     10.9747
          92     10.9747
          93     10.9747
          94     10.9747
          95     10.9747
          96     10.9747
          97     10.9747
          98     10.8937
          99     10.8937
           0     10.8937
           1     10.8937
           2     10.8937
           3     10.8937
           4     10.8937
           5     10.8937
           6     10.8937
           7     10.8937
           8     10.8937
           9     10.8937
          10     10.8937
          11     10.8937
          12     10.8937
          13     10.8937
          14     10.8937
          15     10.8937
          16     10.8937
          17     10.8937
          18     10.8937
          19     10.8937
          20     10.8937
          21     10.8937
          22     10.8937
          23     10.8937
          24     10.8937
          25     10.8937
          26     10.8937
          27     10.8937
          28     10.8937
          29     10.8937
          30     10.8937
          31     10.8937
          32     10.8937
          33     10.8207
          34     10.8937
          35     10.8937
          36     10.8937
          37     10.8937
          38     10.8937
          39     10.8937
          40     10.8937
          41     10.8937
          42     10.8937
          43     10.9018
          44     10.9018
          45     10.9018
          46     10.9018
          47     10.9018
          48     10.9018
          49     10.9018
          50     10.9018
          51     10.9018
          52     10.8526
          53     10.9018
          54     10.9018
          55     10.9018
          56     10.8526
          57     10.9018
          58     10.9018
          59     10.9003
          60     10.9003
          61     10.9018
          62     10.9018
          63     10.9018
          64     10.9018
          65     11.0417
          66     11.0417
          67     11.0378
          68     11.0378
          69     11.0378
          70     11.0378
          71     11.0378
          72     11.0378
          73     11.0378
          74     11.0378
          75     11.0378
          76     11.0378
          77     10.9674
          78     10.9674
          79     10.9674
          80     10.9674
          81     10.9674
          82     10.9674
          83     10.9674
          84     10.9674
          85     10.9674
          86     10.9674
          87     10.9674
          88     10.9674
          89     10.9674
          90     10.9674
          91     10.9674
          92     10.9674
          93     10.9674
          94     10.9414
          95     10.9181
          96     10.9414
          97     10.9414
          98     10.9414
          99     10.9414
           0     10.9414
           1     10.9414
           2     10.9414
           3     10.9414
           4     10.9414
           5     10.5078
           6     10.5078
           7     10.5078
           8     10.3861
           9     10.5078
          10     10.5078
          11     10.5078
          12     10.5078
          13     10.5078
          14     10.5078
          15     10.5078
          16     10.5078
          17     10.5078
          18     10.5078
          19     10.5078
          20     10.5078
          21     10.5078
          22     10.5078
          23     10.5078
          24     10.5078
          25     10.5078
          26     10.5078
          27     10.5078
          28     10.5078
          29     10.5078
          30     10.5078
          31     10.5078
          32     10.5078
          33     10.5078
          34     10.5078
          35     10.5074
          36     10.5078
          37     10.5078
          38     10.5078
          39     10.5078
          40     10.5078
          41     10.5078
          42     10.5078
          43     10.5078
          44     10.5078
          45     10.5078
          46     10.5078
          47     10.5078
          48     10.5078
          49     10.5078
          50     10.5078
          51     10.5078
          52     10.5078
          53     10.5078
          54     10.5078
          55     10.5078
          56     10.5078
          57     10.5078
          58     10.5078
          59     10.5078
          60     10.5078
          61     10.5078
          62     10.5078
          63     10.5078
          64     10.5078
          65     10.5078
          66     10.5078
          67     10.5078
          68     10.5078
          69     10.5078
          70     10.5078
          71     10.5078
          72     10.5078
          73     10.5078
          74     10.5078
          75     10.5078
          76     10.5078
          77     10.5078
          78     10.5078
          79     10.5078
          80     10.5078
          81     10.5074
          82     10.5078
          83     10.3861
          84     10.4585
          85     10.5078
          86     10.5078
          87     10.4585
          88     10.5078
          89     10.5078
          90     10.5078
          91     10.5078
          92     10.5078
          93     10.5078
          94     10.5074
          95     10.4585
          96     10.5078
          97     10.5078
          98     10.5078
          99     10.5078
           0     10.5078
           1     10.5078
           2     10.5074
           3     10.5074
           4     10.5078
           5     10.5078
           6     10.4585
           7     10.4585
           8     10.5078
           9     10.5078
          10     10.5078
          11     10.5078
          12     10.5078
          13     10.5078
          14     10.5078
          15     10.5078
          16     10.3649
          17     10.5078
          18     10.5078
          19     10.5078
          20     10.5078
          21     10.5078
          22     10.5078
          23     10.5078
          24     10.4585
          25     10.5078
          26     10.5078
          27     10.3649
          28     10.3649
          29     10.5078
          30     10.5078
          31     10.5078
          32     10.5078
          33     10.5078
          34     10.5078
          35     10.5078
          36     10.5078
          37     10.5078
          38     10.5078
          39     10.5078
          40     10.3861
          41     10.5078
          42     10.4048
          43     10.5078
          44     10.5078
          45     10.5078
          46     10.5078
          47     10.5078
          48     10.5078
          49     10.5078
          50     10.5074
          51     10.5074
          52     10.5078
          53     10.5078
          54     10.5078
          55     10.5078
          56     10.5078
          57     10.5078
          58     10.5078
          59     10.5078
          60     10.5078
          61     10.5078
          62     10.5078
          63     10.5078
          64     10.5078
          65     10.5078
          66     10.5078
          67     10.5078
          68     10.5078
          69     10.5078
          70     10.5078
          71     10.5078
          72     10.5078
          73     10.5078
          74     10.5078
          75     10.5078
          76     10.5078
          77     10.5078
          78     10.5074
          79     10.5078
          80     10.5078
          81     10.5078
          82     10.5078
          83     10.5078
          84     10.5078
          85     10.5078
          86     10.5074
          87     10.5078
          88     10.5078
          89     10.5078
          90     10.5078
          91     10.5078
          92     10.5078
          93     10.5078
          94     10.5078
          95     10.5078
          96     10.5078
          97     10.5078
          98     10.5078
          99     10.5078
           0     10.5078
           1     10.5078
           2     10.5078
           3     10.5078
           4     10.5078
           5     10.5078
           6     10.5078
           7     10.5078
           8     10.5078
           9     10.5078
          10     10.5078
          11     10.5078
          12     10.5078
          13     10.5078
          14     10.5078
          15     10.5078
          16     10.5078
          17     10.3861
          18     10.5078
          19     10.5078
          20     10.5078
          21     10.5078
          22     10.5078
          23     10.5078
          24     10.3861
          25     10.5078
          26     10.5078
          27     10.5078
          28     10.5078
          29     10.5078
          30     10.5078
          31     10.5078
          32     10.5078
          33     10.5078
          34     10.5078
          35     10.5078
          36     10.5078
          37     10.5078
          38     10.5078
          39     10.5078
          40     10.5078
          41     10.5078
          42     10.5078
          43     10.5078
          44     10.5078
          45     10.5078
          46     10.5078
          47     10.5078
          48     10.5078
          49     10.3649
          50     10.5078
          51     10.3649
          52     10.5078
          53     10.5078
          54     10.5078
          55     10.5078
          56     10.5078
          57     10.5078
          58     10.5078
          59     10.5078
          60     10.5078
          61     10.5078
          62     10.5078
          63     10.5078
          64     10.5078
          65     10.5078
          66     10.5078
          67     10.5078
          68     10.5078
          69     10.5078
          70     10.5078
          71     10.5078
          72     10.5078
          73     10.5078
          74     10.5078
          75     10.5078
          76     10.5078
          77     10.5078
          78     10.4585
          79     10.5078
          80     10.5078
          81     10.5078
          82     10.5078
          83     10.5078
          84     10.5078
          85     10.5078
          86     10.5078
          87     10.5078
          88     10.5078
          89     10.5078
          90     10.5078
          91     10.5078
          92     10.5078
          93     10.5078
          94     10.5078
          95     10.5078
          96     10.5078
          97     10.5078
          98     10.5078
          99     10.5078
           0     10.5078
           1     10.5078
           2     10.5078
           3     10.5078
           4     10.5078
           5     10.5078
           6     10.5078
           7     10.5078
           8     10.5078
           9     10.5078
          10     10.4585
          11     10.5078
          12     10.5078
          13     10.5078
          14     10.5078
          15     10.5078
          16     10.5078
          17     10.5078
          18     10.5078
          19     10.4548
          20     10.5078
          21     10.5078
          22     10.5078
          23     10.5078
          24     10.5078
          25     10.5078
          26     10.5078
          27     10.5078
          28     10.5078
          29     10.4585
          30     10.4585
          31     10.5078
          32     10.5078
          33     10.5078
          34     10.5078
          35     10.5078
          36     10.5078
          37     10.5078
          38     10.5078
          39     10.5078
          40     10.5078
          41     10.5078
          42     10.5078
          43     10.5078
          44     10.5078
          45     10.5078
          46     10.5078
          47     10.5078
          48     10.5078
          49     10.5078
          50     10.3861
          51     10.5078
          52     10.5078
          53     10.5078
          54     10.5078
          55     10.5078
          56     10.5078
          57     10.5078
          58     10.4048
          59     10.4048
          60     10.5074
          61     10.5078
          62     10.5078
          63     10.5078
          64     10.5078
          65     10.5078
          66     10.5078
          67     10.5078
          68     10.5078
          69     10.5078
          70     10.5078
          71     10.5078
          72     10.5078
          73     10.5078
          74     10.5078
          75     10.5078
          76     10.5078
          77     10.5078
          78     10.5078
          79     10.5078
          80     10.5078
          81     10.5078
          82     10.5078
          83     10.5078
          84     10.5078
          85     10.5078
          86     10.5078
          87     10.5078
          88     10.5078
          89     10.5078
          90     10.5078
          91     10.5078
          92     10.5078
          93     10.5078
          94     10.4585
          95     10.5078
          96     10.3649
          97     10.5078
          98     10.5078
          99     10.5078
           0     10.5078
           1     10.5078
           2     10.5078
           3     10.5078
           4     10.5078
           5     10.5078
           6     10.5078
           7     10.5078
           8     10.5078
           9     10.5078
          10     10.5078
          11     10.5078
          12     10.5078
          13     10.5078
          14     10.5078
          15     10.5078
          16     10.5078
          17     10.5078
          18     10.5078
          19     10.5078
          20     10.5078
          21     10.5078
          22     10.5074
          23     10.5078
          24     10.5078
          25     10.5078
          26     10.5078
          27     10.5074
          28     10.5078
          29     10.5078
          30     10.3649
          31     10.5078
          32     10.5078
          33     10.4585
          34     10.4585
          35     10.5078
          36     10.5078
          37     10.5078
          38     10.5078
          39     10.5078
          40     10.5078
          41     10.5078
          42     10.5078
          43     10.5078
          44     10.5078
          45     10.5078
          46     10.5078
          47     10.5078
          48     10.5078
          49     10.5078
          50     10.5078
          51     10.5078
          52     10.5078
          53     10.5078
          54     10.5078
          55     10.5078
          56     10.5078
          57     10.5078
          58     10.5078
          59     10.5078
          60     10.5078
          61     10.5078
          62     10.5078
          63     10.5074
          64     10.3649
          65     10.5078
          66     10.5078
          67     10.5078
          68     10.5078
          69     10.5078
          70     10.5078
          71     10.5078
          72     10.5078
          73     10.5078
          74     10.5078
          75     10.5078
          76     10.5078
          77     10.5078
          78     10.5078
          79     10.5078
          80     10.5078
          81     10.5078
          82     10.5078
          83     10.5078
          84     10.5078
          85     10.5078
          86     10.5078
          87     10.5078
          88     10.5078
          89     10.5078
          90     10.5078
          91     10.5078
          92     10.5078
          93     10.5078
          94     10.5078
          95     10.5078
          96     10.5078
          97     10.5078
          98     10.5078
          99     10.5078
           0     10.5078
           1     10.5078
           2     10.5078
           3     10.5078
           4     10.5078
           5     10.5078
           6     10.5078
           7     10.5078
           8     10.5078
           9     10.5078
          10     10.5078
          11     10.5078
          12     10.5078
          13     10.5078
          14     10.5078
          15     10.5078
          16     10.5078
          17     10.5078
          18     10.5078
          19     10.5078
          20     10.5078
          21     10.5078
          22     10.5078
          23     10.5078
          24     10.5078
          25     10.5078
          26     10.5078
          27     10.5078
          28     10.5078
          29     10.5078
          30     10.5078
          31     10.5078
          32     10.5078
          33     10.5078
          34     10.5074
          35     10.5074
          36     10.5074
          37     10.5078
          38     10.5078
          39     10.5078
          40     10.5078
          41     10.5078
          42     10.5078
          43     10.5078
          44     10.5078
          45     10.5078
          46     10.5078
          47     10.5078
          48     10.5078
          49     10.5078
          50     10.5078
          51     10.5078
          52     10.5078
          53     10.4585
          54     10.5078
          55     10.5078
          56     10.5078
          57     10.5078
          58     10.5078
          59     10.5078
          60     10.5078
          61     10.5078
          62     10.5078
          63     10.5078
          64     10.5078
          65     10.5078
          66     10.5078
          67     10.5078
          68     10.3861
          69     10.5078
          70     10.5078
          71     10.5078
          72     10.5078
          73     10.5078
          74     10.5078
          75     10.5078
          76     10.5078
          77     10.5078
          78     10.5078
          79     10.5078
          80     10.5078
          81     10.5078
          82     10.5078
          83     10.5078
          84     10.5078
          85     10.5078
          86     10.5078
          87     10.5078
          88     10.3649
          89     10.5078
          90     10.5078
          91     10.5074
          92     10.5078
          93     10.5078
          94     10.5074
          95     10.3649
          96     10.5074
          97     10.5074
          98     10.5078
          99     10.5078
           0     10.5078
           1     10.5078
           2     10.5078
           3     10.5078
           4     10.5078
           5     10.5078
           6     10.5078
           7     10.5078
           8     10.5078
           9     10.5078
          10     10.5078
          11     10.5074
          12     10.5078
          13     10.5078
          14     10.5078
          15     10.5078
          16     10.5078
          17     10.5078
          18     10.5078
          19     10.5078
          20     10.5078
          21     10.5078
          22     10.5078
          23     10.5078
          24     10.5078
          25     10.5078
          26     10.5078
          27     10.5078
          28     10.5078
          29     10.5078
          30     10.5078
          31     10.5078
          32     10.4585
          33     10.5078
          34     10.5078
          35     10.5078
          36     10.3861
          37     10.5078
          38     10.5078
          39     10.5078
          40     10.5078
          41     10.5078
          42     10.5078
          43     10.5078
          44     10.5078
          45     10.5078
          46     10.5078
          47     10.5078
          48     10.5078
          49     10.5078
          50     10.5078
          51     10.5078
          52     10.5078
          53     10.5078
          54     10.5078
          55     10.5078
          56     10.5078
          57     10.5078
          58     10.5078
          59     10.5078
          60     10.5078
          61     10.5078
          62     10.5078
          63     10.5078
          64     10.5078
          65     10.3649
          66     10.5078
          67     10.5078
          68     10.5078
          69     10.5078
          70     10.5074
          71     10.5078
          72     10.5078
          73     10.5078
          74     10.5078
          75     10.5078
          76     10.5078
          77     10.5078
          78     10.5078
          79     10.5078
          80     10.5078
          81     10.5078
          82     10.5078
          83     10.5078
          84     10.5078
          85     10.5078
          86     10.5078
          87     10.5078
          88     10.5078
          89     10.5078
          90     10.5078
          91     10.5078
          92     10.5078
          93     10.5074
          94     10.5074
          95     10.5078
          96     10.5078
          97     10.5078
          98     10.5078
          99     10.5078
           0     10.5078
           1     10.5078
           2     10.5078
           3     10.5078
           4     10.5078
           5     10.5078
           6     10.5078
           7     10.3649
           8     10.5078
           9     10.5078
          10     10.5078
          11     10.5078
          12     10.5078
          13     10.5078
          14     10.5078
          15     10.5078
          16     10.5078
          17     10.5074
          18     10.5078
          19     10.5078
          20     10.5078
          21     10.5078
          22     10.5078
          23     10.5078
          24     10.3861
          25     10.5078
          26     10.5078
          27     10.5078
          28     10.5078
          29     10.5078
          30     10.5078
          31     10.5078
          32     10.5078
          33     10.5078
          34     10.5078
          35     10.5078
          36     10.5078
          37     10.5078
          38     10.3649
          39     10.5078
          40     10.5078
          41     10.5078
          42     10.5078
          43     10.5078
          44     10.5078
          45     10.5078
          46     10.5078
          47     10.5078
          48     10.5078
          49     10.5078
          50     10.5078
          51     10.5078
          52     10.5078
          53     10.5078
          54     10.5078
          55     10.5074
          56     10.4585
          57     10.4585
          58     10.5078
          59     10.5078
          60     10.5078
          61     10.5078
          62     10.5078
          63     10.5078
          64     10.5078
          65     10.5078
          66     10.5078
          67     10.5078
          68     10.5078
          69     10.5078
          70     10.5078
          71     10.5078
          72     10.5078
          73     10.3649
          74     10.5078
          75     10.5078
          76     10.5078
          77     10.5078
          78     10.5078
          79     10.5078
          80     10.5078
          81     10.5078
          82     10.5078
          83     10.5078
          84     10.5078
          85     10.5078
          86     10.5078
          87     10.5078
          88     10.5078
          89     10.5078
          90     10.5078
          91     10.5078
          92     10.5078
          93     10.5078
          94     10.5078
          95     10.3861
          96     10.5078
          97     10.5078
          98     10.5078
          99     10.5078
