           0     27.9128
           1     27.6015
           2     27.0584
           3     25.9983
           4     25.4583
           5     24.7505
           6     24.1939
           7     23.8087
           8     23.8087
           9     23.4859
          10     22.9998
          11     22.8655
          12     22.3915
          13     21.9883
          14     20.7593
          15     20.5194
          16     20.3851
          17     20.1314
          18     19.2671
          19     19.2671
          20      19.133
          21     16.8687
          22     16.8687
          23     16.8687
          24      16.624
          25     16.0888
          26     16.0219
          27     16.0219
          28     15.6082
          29     15.6082
          30     15.0529
          31     15.0529
          32     15.0529
          33     14.5714
          34     14.5714
          35     14.5714
          36      14.318
          37      14.318
          38      14.318
          39      14.318
          40     14.3096
          41      14.318
          42     14.2413
          43     14.2413
          44     14.2413
          45     13.8178
          46     13.8178
          47     13.5138
          48     13.0419
          49     13.0419
          50      12.582
          51     12.5714
          52     12.5625
          53     12.5082
          54     12.5082
          55     12.5082
          56     12.5082
          57     12.5082
          58     12.3721
          59     12.3721
          60      11.931
          61      11.931
          62      11.931
          63      11.931
          64      11.931
          65      11.931
          66     11.8181
          67     11.5937
          68     11.5937
          69      11.299
          70      11.299
          71      11.299
          72      11.299
          73     11.0875
          74     11.0875
          75     11.0875
          76     11.0875
          77     11.0875
          78     11.0875
          79     11.0875
          80     11.0875
          81     11.0875
          82     11.0875
          83     11.0875
          84     10.7744
          85     10.7744
          86     10.7744
          87     10.7744
          88     10.7744
          89     10.7744
          90     10.7744
          91     10.7595
          92     10.7595
          93     10.7595
          94     10.7595
          95     10.7595
          96     10.7595
          97     10.7595
          98     10.7595
          99     10.7595
           0     10.7595
           1     10.7595
           2     10.7595
           3     10.7595
           4     10.7595
           5     10.7595
           6     10.7595
           7     10.7595
           8     10.7595
           9     10.7595
          10     10.7595
          11     10.7595
          12     10.7595
          13     10.7595
          14     10.7595
          15     10.7595
          16     10.7595
          17     10.7595
          18     10.7595
          19     10.7595
          20     10.7595
          21     10.7595
          22     10.7595
          23     10.7595
          24     10.7595
          25     10.7595
          26     10.7595
          27     10.7595
          28     10.7595
          29     10.7595
          30     10.7595
          31     10.7595
          32     10.7595
          33     10.7595
          34     10.7595
          35     10.7595
          36     10.7595
          37     10.7595
          38     10.7595
          39     10.7595
          40     10.7595
          41     10.7595
          42     10.7595
          43     10.7595
          44     10.7595
          45     10.7595
          46     10.7595
          47     10.7595
          48     10.7595
          49     10.7595
          50     10.7595
          51     10.7595
          52     10.7595
          53     10.7595
          54     10.7595
          55     10.7595
          56     10.7595
          57     10.7595
          58     10.7595
          59     10.7595
          60     10.7595
          61     10.7595
          62     10.7595
          63     10.7595
          64     10.7595
          65     10.7595
          66     10.7595
          67     10.7595
          68     10.7595
          69     10.7595
          70     10.7595
          71     10.7595
          72     10.7595
          73     10.7595
          74     10.7595
          75     10.7595
          76     10.7595
          77     10.7595
          78     10.7595
          79     10.7595
          80     10.7595
          81     10.7595
          82     10.7595
          83     10.7595
          84     10.7595
          85     10.7595
          86     10.7595
          87     10.7595
          88     10.7595
          89     10.7595
          90     10.7595
          91     10.8321
          92     10.8321
          93     10.7878
          94     10.7878
          95     10.7878
          96     10.7878
          97     10.6787
          98     10.6787
          99     10.5897
           0     10.5897
           1     10.5897
           2     10.5897
           3     10.5897
           4     10.5897
           5     10.5897
           6     10.5897
           7     10.5897
           8     10.5897
           9     10.5897
          10     10.5897
          11     10.5897
          12     10.5897
          13     10.5897
          14     10.5897
          15     10.5897
          16     10.5897
          17     10.5897
          18     10.5897
          19     10.5897
          20     10.5897
          21     10.5897
          22     10.5897
          23     10.5897
          24     10.5897
          25     10.5766
          26     10.5897
          27     10.5897
          28     10.5897
          29     10.5897
          30     10.5897
          31     10.5897
          32     10.5897
          33     10.5897
          34     10.5897
          35     10.5897
          36     10.5897
          37     10.5897
          38     10.5897
          39     10.5897
          40     10.3603
          41     10.3603
          42     10.3603
          43     10.3603
          44     10.3509
          45     10.3509
          46     10.3509
          47     10.3509
          48     10.3509
          49     10.3603
          50     10.3603
          51     10.3509
          52     10.3603
          53     10.3509
          54     10.3509
          55     10.3509
          56     10.3509
          57     10.3509
          58     10.3509
          59     10.1469
          60     10.1469
          61     10.1469
          62     10.1469
          63     10.1469
          64     10.1469
          65     10.1469
          66     10.1469
          67     10.1469
          68     10.1469
          69     10.1469
          70     10.1469
          71     10.1469
          72     10.1469
          73     10.1469
          74     10.1469
          75     10.1469
          76     10.1469
          77     10.1469
          78     10.1469
          79     10.1469
          80     10.1469
          81     10.1469
          82     10.1469
          83     10.1469
          84     10.1469
          85     10.1469
          86     10.1338
          87     10.1338
          88     10.1338
          89     10.1469
          90     10.1469
          91     10.1469
          92     10.1469
          93     10.1469
          94     10.1469
          95     10.1469
          96     10.1469
          97     10.1469
          98     10.1469
          99     10.1469
           0     10.1469
           1     10.1469
           2     10.1469
           3     10.1469
           4     10.1469
           5     10.1469
           6     10.1469
           7     10.1469
           8     10.1469
           9     10.1469
          10     10.1469
          11     10.1469
          12     10.1469
          13     10.1469
          14     10.1469
          15     10.1469
          16     10.1469
          17     10.1469
          18     10.1469
          19     10.1469
          20     10.1469
          21     10.1469
          22     10.1469
          23     10.1469
          24     10.1469
          25     10.1469
          26     10.1469
          27     10.1469
          28     10.1469
          29     10.1469
          30     10.1469
          31     10.1469
          32     10.1469
          33     10.1469
          34     10.1469
          35     10.1469
          36     10.1469
          37     10.1469
          38     10.1469
          39     10.1469
          40     10.1469
          41     10.1469
          42     10.1469
          43     10.1469
          44     10.1469
          45     10.1469
          46     10.1469
          47     10.1469
          48     10.1469
          49     10.1469
          50     10.1469
          51     10.1469
          52     10.1469
          53     10.1469
          54     10.1469
          55     10.1469
          56     10.1469
          57     10.1469
          58     10.1469
          59     10.1469
          60     10.1469
          61     10.1469
          62     10.1469
          63     10.1469
          64     10.1469
          65     10.1469
          66     10.1469
          67     10.1469
          68     10.1469
          69     10.1469
          70     10.1469
          71     10.1469
          72     10.1469
          73     10.1469
          74     10.1469
          75     10.1469
          76     10.1469
          77     10.1469
          78     10.1469
          79     10.1469
          80     10.1469
          81     10.1469
          82     10.1469
          83     10.1469
          84     10.1469
          85     10.1469
          86     10.1469
          87     10.1469
          88     10.1469
          89     10.1469
          90     10.1469
          91     10.1469
          92     10.1469
          93     10.1469
          94     10.1469
          95     10.1469
          96     10.1469
          97     10.1469
          98     10.1469
          99     10.1469
           0     10.1469
           1     10.1469
           2     10.1469
           3     10.1469
           4     10.1469
           5     10.1469
           6     10.1469
           7     10.1469
           8     10.1469
           9     10.1469
          10     10.1469
          11     10.1469
          12     10.1469
          13     10.1469
          14     10.1469
          15     10.1469
          16     10.1469
          17     10.1469
          18     10.1469
          19     10.1469
          20     10.1469
          21     10.1469
          22     10.1469
          23     10.1469
          24     10.1469
          25     10.1469
          26     10.1469
          27     10.1469
          28     10.1469
          29     10.1469
          30     10.1469
          31     10.1469
          32     10.1469
          33     10.1469
          34     10.1469
          35     10.1469
          36     10.1469
          37     10.1469
          38     10.1469
          39     10.1469
          40     10.1469
          41     10.1469
          42     10.1469
          43     10.1469
          44     10.1469
          45     10.1469
          46     10.1469
          47     10.1469
          48     10.1469
          49     10.1469
          50     10.1469
          51     10.1469
          52     10.1469
          53     10.1469
          54     10.1469
          55     10.1469
          56     10.1469
          57     10.1469
          58     10.1338
          59     10.1469
          60     10.1469
          61     10.1469
          62     10.1469
          63     10.1469
          64     10.1469
          65     10.1469
          66     10.1469
          67     10.1469
          68     10.1469
          69     10.1469
          70     10.1469
          71     10.1469
          72     10.1469
          73     10.1469
          74     10.1469
          75     10.1469
          76     10.1469
          77     10.1469
          78     10.1469
          79     10.1469
          80     10.1469
          81     10.1469
          82     10.1469
          83     10.1469
          84     10.1469
          85     10.1469
          86     10.1469
          87     10.1469
          88     10.1469
          89     10.1469
          90     10.1469
          91     10.1469
          92     10.1469
          93     10.1469
          94     10.1469
          95     10.1338
          96     10.1469
          97     10.1469
          98     10.1469
          99     10.1469
           0     10.1469
           1     10.1469
           2     10.1469
           3     10.1469
           4     10.1469
           5     10.1469
           6     10.1469
           7     10.1469
           8     10.1469
           9     10.1469
          10     10.1469
          11     10.1469
          12     10.1469
          13     10.1469
          14     10.1469
          15     10.1469
          16     10.1469
          17     10.1469
          18     10.1469
          19     10.1469
          20     10.1469
          21     10.1469
          22     10.1469
          23     10.1338
          24     10.1469
          25     10.1469
          26     10.1469
          27     10.1469
          28     10.1469
          29     10.1469
          30     10.1469
          31     10.1469
          32     10.1469
          33     10.1469
          34     10.1469
          35     10.1469
          36     10.1469
          37     10.1469
          38     10.1469
          39     10.1469
          40     10.1469
          41     10.1469
          42     10.1469
          43     10.1469
          44     10.1469
          45     10.1469
          46     10.1469
          47     10.1469
          48     10.1469
          49     10.1469
          50     10.1469
          51     10.1469
          52     10.1469
          53     10.1469
          54     10.1469
          55     10.1469
          56     10.1469
          57     10.1469
          58     10.1469
          59     10.1469
          60     10.1469
          61     10.1469
          62     10.1469
          63     10.1469
          64     10.1469
          65     10.1469
          66     10.1469
          67     10.1469
          68     10.1469
          69     10.1469
          70     10.1469
          71     10.1469
          72     10.1469
          73     10.1469
          74     10.1469
          75     10.1469
          76     10.1469
          77     10.1469
          78     10.1469
          79     10.1469
          80     10.1469
          81     10.1469
          82     10.1469
          83     10.1469
          84     10.1469
          85     10.1469
          86     10.1469
          87     10.1469
          88     10.1469
          89     10.1469
          90     10.1469
          91     10.1469
          92     10.1469
          93     10.1469
          94     10.1469
          95     10.1469
          96     10.1338
          97     10.1469
          98     10.1469
          99     10.1469
           0     10.1469
           1     10.1469
           2     10.1469
           3     10.1469
           4     10.1469
           5     10.1469
           6     10.1469
           7     10.1469
           8     10.1469
           9     10.1469
          10     10.1469
          11     10.1469
          12     10.1469
          13     10.1469
          14     10.1469
          15     10.1469
          16     10.1469
          17     10.1469
          18     10.1469
          19     10.1469
          20     10.1469
          21     10.1469
          22     10.1469
          23     10.1469
          24     10.1469
          25     10.1469
          26     10.1469
          27     10.1469
          28     10.1469
          29     10.1469
          30     10.1469
          31     10.1469
          32     10.1469
          33     10.1469
          34     10.1469
          35     10.1469
          36     10.1469
          37     10.1469
          38     10.1469
          39     10.1469
          40     10.1469
          41     10.1469
          42     10.1469
          43     10.1469
          44     10.1469
          45     10.1469
          46     10.1469
          47     10.1469
          48     10.1469
          49     10.1469
          50     10.1469
          51     10.1469
          52     10.1469
          53     10.1469
          54     10.1469
          55     10.1469
          56     10.1469
          57     10.1469
          58     10.1469
          59     10.1469
          60     10.1469
          61     10.1469
          62     10.1469
          63     10.1469
          64     10.1469
          65     10.1469
          66     10.1469
          67     10.1469
          68     10.1469
          69     10.1469
          70     10.1469
          71     10.1469
          72     10.1469
          73     10.1469
          74     10.1469
          75     10.1469
          76     10.1469
          77     10.1469
          78     10.1469
          79     10.1469
          80     10.1469
          81     10.1469
          82     10.1469
          83     10.1469
          84     10.1469
          85     10.1469
          86     10.1469
          87     10.1469
          88     10.1469
          89     10.1469
          90     10.1469
          91     10.1469
          92     10.1338
          93     10.1469
          94     10.1469
          95     10.1469
          96     10.1469
          97     10.1469
          98     10.1469
          99     10.1469
           0     10.1469
           1     10.1469
           2     10.1469
           3     10.1469
           4     10.1469
           5     10.1469
           6     10.1469
           7     10.1469
           8     10.1469
           9     10.1469
          10     10.1469
          11     10.1469
          12     10.1469
          13     10.1469
          14     10.1469
          15     10.1469
          16     10.1469
          17     10.1469
          18     10.1469
          19     10.1469
          20     10.1469
          21     10.1469
          22     10.1469
          23     10.1469
          24     10.1469
          25     10.1469
          26     10.1469
          27     10.1469
          28     10.1469
          29     10.1469
          30     10.1469
          31     10.1469
          32     10.1469
          33     10.1469
          34     10.1469
          35     10.1469
          36     10.1469
          37     10.1469
          38     10.1469
          39     10.1469
          40     10.1469
          41     10.1469
          42     10.1469
          43     10.1469
          44     10.1469
          45     10.1469
          46     10.1469
          47     10.1469
          48     10.1469
          49     10.1469
          50     10.1469
          51     10.1469
          52     10.1469
          53     10.1469
          54     10.1469
          55     10.1469
          56     10.1469
          57     10.1469
          58     10.1469
          59     10.1469
          60     10.1469
          61     10.1469
          62     10.1469
          63     10.1469
          64     10.1469
          65     10.1469
          66     10.1469
          67     10.1469
          68     10.1469
          69     10.1469
          70     10.1469
          71     10.1469
          72     10.1469
          73     10.1338
          74     10.1338
          75     10.1338
          76     10.1469
          77     10.1469
          78     10.1469
          79     10.1469
          80     10.1469
          81     10.1469
          82     10.1469
          83     10.1469
          84     10.1469
          85     10.1469
          86     10.1469
          87     10.1469
          88     10.1469
          89     10.1469
          90     10.1469
          91     10.1469
          92     10.1469
          93     10.1469
          94     10.1469
          95     10.1469
          96     10.1469
          97     10.1469
          98     10.1469
          99     10.1469
           0     10.1469
           1     10.1469
           2     10.1469
           3     10.1469
           4     10.1469
           5     10.1469
           6     10.1469
           7     10.1469
           8     10.1469
           9     10.1469
          10     10.1469
          11     10.1469
          12     10.1469
          13     10.1469
          14     10.1469
          15     10.1469
          16     10.1469
          17     10.1469
          18     10.1469
          19     10.1469
          20     10.1469
          21     10.1469
          22     10.1469
          23     10.1469
          24     10.1469
          25     10.1469
          26     10.1469
          27     10.1469
          28     10.1469
          29     10.1469
          30     10.1469
          31     10.1469
          32     10.1469
          33     10.1469
          34     10.1469
          35     10.1469
          36     10.1338
          37     10.1338
          38     10.1338
          39     10.1338
          40     10.1469
          41     10.1469
          42     10.1469
          43     10.1469
          44     10.1469
          45     10.1469
          46     10.1469
          47     10.1469
          48     10.1469
          49     10.1469
          50     10.1469
          51     10.1469
          52     10.1469
          53     10.1469
          54     10.1469
          55     10.1469
          56     10.1469
          57     10.1469
          58     10.1469
          59     10.1469
          60     10.1469
          61     10.1469
          62     10.1469
          63     10.1469
          64     10.1469
          65     10.1469
          66     10.1469
          67     10.1469
          68     10.1469
          69     10.1469
          70     10.1469
          71     10.1469
          72     10.1469
          73     10.1469
          74     10.1469
          75     10.1469
          76     10.1469
          77     10.1469
          78     10.1469
          79     10.1469
          80     10.1469
          81     10.1469
          82     10.1469
          83     10.1469
          84     10.1469
          85     10.1469
          86     10.1469
          87     10.1469
          88     10.1469
          89     10.1469
          90     10.1469
          91     10.1469
          92     10.1469
          93     10.1469
          94     10.1469
          95     10.1469
          96     10.1469
          97     10.1469
          98     10.1469
          99     10.1469
           0     10.1469
           1     10.1469
           2     10.1469
           3     10.1469
           4     10.1469
           5     10.1469
           6     10.1469
           7     10.1469
           8     10.1469
           9     10.1469
          10     10.1469
          11     10.1469
          12     10.1469
          13     10.1469
          14     10.1469
          15     10.1469
          16     10.1469
          17     10.1469
          18     10.1469
          19     10.1469
          20     10.1469
          21     10.1469
          22     10.1469
          23     10.1469
          24     10.1469
          25     10.1469
          26     10.1469
          27     10.1469
          28     10.1469
          29     10.1469
          30     10.1469
          31     10.1469
          32     10.1469
          33     10.1469
          34     10.1469
          35     10.1469
          36     10.1469
          37     10.1469
          38     10.1469
          39     10.1469
          40     10.1469
          41     10.1469
          42     10.1469
          43     10.1469
          44     10.1469
          45     10.1469
          46     10.1469
          47     10.1469
          48     10.1469
          49     10.1469
          50     10.1469
          51     10.1469
          52     10.1469
          53     10.1469
          54     10.1469
          55     10.1469
          56     10.1469
          57     10.1469
          58     10.1469
          59     10.1469
          60     10.1469
          61     10.1469
          62     10.1469
          63     10.1469
          64     10.1469
          65     10.1469
          66     10.1469
          67     10.1469
          68     10.1338
          69     10.1469
          70     10.1469
          71     10.1469
          72     10.1469
          73     10.1469
          74     10.1469
          75     10.1469
          76     10.1469
          77     10.1469
          78     10.1469
          79     10.1469
          80     10.1469
          81     10.1469
          82     10.1469
          83     10.1469
          84     10.1469
          85     10.1469
          86     10.1469
          87     10.1469
          88     10.1469
          89     10.1469
          90     10.1469
          91     10.1469
          92     10.1469
          93     10.1469
          94     10.1469
          95     10.1469
          96     10.1469
          97     10.1469
          98     10.1469
          99     10.1469
