           0     22.9017
           1      20.412
           2     18.1854
           3     17.1886
           4     17.1886
           5     15.5468
           6     15.4372
           7     13.7825
           8     13.7825
           9     13.7825
          10     12.1981
          11     12.1981
          12     12.1981
          13     11.9734
          14     11.5826
          15      11.093
          16     10.9376
          17     10.6417
          18     10.6417
          19     9.80772
          20     9.60301
          21     9.60301
          22     9.57998
          23     9.57998
          24     9.57998
          25     9.57998
          26     9.28953
          27     9.28277
          28     8.84983
          29     8.84983
          30     8.84983
          31     8.84983
          32     8.84983
          33     8.84983
          34      8.5996
          35     8.38111
          36     8.13087
          37     8.13087
          38     7.45812
          39     7.20789
          40     7.20789
          41     7.20789
          42     6.61313
          43     6.61313
          44     6.61313
          45     6.59633
          46     6.59633
          47     6.58902
          48     6.58902
          49     6.44042
          50     6.44042
          51     6.44042
          52     6.40603
          53     5.99503
          54     5.99503
          55     5.89914
          56     5.89914
          57     5.89914
          58      5.8637
          59     5.55932
          60     5.55932
          61     5.55932
          62     5.55932
          63      5.4699
          64      5.4699
          65      5.4699
          66      5.4699
          67      5.4699
          68     5.35937
          69     5.35937
          70     5.35937
          71     4.89665
          72     4.89665
          73     4.89665
          74     4.89665
          75     4.89665
          76     4.89665
          77     4.89665
          78     4.89665
          79     4.89665
          80     4.89665
          81     4.89665
          82     4.89665
          83     4.89665
          84     4.89665
          85     4.89665
          86     4.89665
          87     4.89665
          88     4.89665
          89     4.89665
          90     4.89665
          91     4.89665
          92     4.89665
          93     4.89665
          94     4.89665
          95     4.89665
          96     4.89665
          97     4.89665
          98     4.82486
          99     4.82486
           0     4.82486
           1     4.82486
           2     4.82486
           3     4.82486
           4     4.82486
           5     4.82486
           6     4.82486
           7     4.82486
           8     4.82486
           9     4.82486
          10     4.82486
          11     4.82486
          12     4.82486
          13     4.82486
          14     4.82486
          15     4.82486
          16     4.82486
          17     4.82486
          18     4.82486
          19     4.82486
          20     4.82486
          21     4.82486
          22     4.82486
          23     4.82486
          24     4.82486
          25     4.82486
          26     4.82486
          27     4.82486
          28     4.82486
          29     4.82486
          30     4.82486
          31     4.82486
          32     4.82486
          33     4.82486
          34      4.8206
          35      4.8206
          36      4.8206
          37      4.8206
          38      4.8206
          39      4.8206
          40      4.8206
          41      4.8206
          42      4.8206
          43      4.8206
          44      4.8206
          45      4.8206
          46      4.8206
          47      4.8206
          48      4.8206
          49      4.8206
          50      4.8206
          51      4.8206
          52      4.8206
          53      4.8206
          54      4.8206
          55      4.8206
          56     4.81873
          57     4.81873
          58     4.81873
          59     4.81873
          60     4.81873
          61     4.81873
          62     4.81873
          63     4.81873
          64     4.81873
          65     4.81873
          66     4.81873
          67     4.79773
          68     4.79773
          69     4.79773
          70     4.79773
          71     4.79773
          72     4.79773
          73     4.79773
          74     4.79773
          75     4.79773
          76     4.79773
          77     4.76937
          78     4.76937
          79     4.76937
          80     4.76937
          81     4.76937
          82     4.76937
          83     4.76937
          84     4.76937
          85     4.76937
          86     4.76937
          87     4.76937
          88     4.76937
          89     4.76937
          90     4.76937
          91     4.76937
          92     4.76937
          93     4.76937
          94     4.74161
          95     4.74161
          96     4.74161
          97     4.74161
          98     4.74161
          99     4.74161
           0     4.74161
           1     4.74161
           2     4.74161
           3     4.74161
           4     4.74161
           5     4.52415
           6     4.52415
           7     4.52415
           8     4.52415
           9     4.52415
          10     4.52415
          11     4.52415
          12     4.52415
          13     4.52415
          14     4.52415
          15     4.52415
          16     4.52415
          17     4.52415
          18     4.52415
          19     4.52415
          20     4.52415
          21     4.52415
          22     4.52415
          23     4.52415
          24     4.52415
          25     4.52415
          26     4.52415
          27     4.52415
          28     4.52415
          29     4.52415
          30     4.52415
          31     4.52415
          32     4.52415
          33     4.52415
          34     4.52415
          35     4.52415
          36     4.52415
          37     4.52415
          38     4.52415
          39     4.52415
          40     4.52415
          41     4.52415
          42     4.52415
          43     4.52415
          44     4.52415
          45     4.52415
          46     4.52415
          47     4.52415
          48     4.52415
          49     4.52415
          50     4.52415
          51     4.52415
          52     4.52415
          53     4.52415
          54     4.52415
          55     4.52415
          56     4.52415
          57     4.52415
          58     4.52415
          59     4.52415
          60     4.52415
          61     4.52415
          62     4.52415
          63     4.52415
          64     4.52415
          65     4.52415
          66     4.52415
          67     4.52415
          68     4.52415
          69     4.52415
          70     4.52415
          71     4.52415
          72     4.52415
          73     4.52415
          74     4.52415
          75     4.52415
          76     4.52415
          77     4.52415
          78     4.52415
          79     4.52415
          80     4.52415
          81     4.52415
          82     4.52415
          83     4.52415
          84     4.52415
          85     4.52415
          86     4.52415
          87     4.52415
          88     4.52415
          89     4.52415
          90     4.52415
          91     4.52415
          92     4.52415
          93     4.52415
          94     4.52415
          95     4.52415
          96     4.52415
          97     4.52415
          98     4.52415
          99     4.52415
           0     4.52415
           1     4.52415
           2     4.52415
           3     4.52415
           4     4.52415
           5     4.52415
           6     4.52415
           7     4.52415
           8     4.52415
           9     4.52415
          10     4.52415
          11     4.52415
          12     4.52415
          13     4.52415
          14     4.52415
          15     4.52415
          16     4.52415
          17     4.52415
          18     4.52415
          19     4.52415
          20     4.52415
          21     4.52415
          22     4.52415
          23     4.52415
          24     4.52415
          25     4.52415
          26     4.52415
          27     4.52415
          28     4.52415
          29     4.52415
          30     4.52415
          31     4.52415
          32     4.52415
          33     4.52415
          34     4.52415
          35     4.52415
          36     4.52415
          37     4.52415
          38     4.52415
          39     4.52415
          40     4.52415
          41     4.52415
          42     4.52415
          43     4.52415
          44     4.52415
          45     4.52415
          46     4.52415
          47     4.52415
          48     4.52415
          49     4.52415
          50     4.52415
          51     4.52415
          52     4.52415
          53     4.52415
          54     4.52415
          55     4.52415
          56     4.52415
          57     4.52415
          58     4.52415
          59     4.52415
          60     4.52415
          61     4.52415
          62     4.52415
          63     4.52415
          64     4.52415
          65     4.52415
          66     4.52415
          67     4.52415
          68     4.52415
          69     4.52415
          70     4.52415
          71     4.52415
          72     4.52415
          73     4.52415
          74     4.52415
          75     4.52415
          76     4.52415
          77     4.52415
          78     4.52415
          79     4.52415
          80     4.52415
          81     4.52415
          82     4.52415
          83     4.52415
          84     4.52415
          85     4.52415
          86     4.52415
          87     4.52415
          88     4.52415
          89     4.52415
          90     4.52415
          91     4.52415
          92     4.52415
          93     4.52415
          94     4.52415
          95     4.52415
          96     4.52415
          97     4.52415
          98     4.52415
          99     4.52415
           0     4.52415
           1     4.52415
           2     4.52415
           3     4.52415
           4     4.52415
           5     4.52415
           6     4.52415
           7     4.52415
           8     4.52415
           9     4.52415
          10     4.52415
          11     4.52415
          12     4.52415
          13     4.52415
          14     4.52415
          15     4.52415
          16     4.52415
          17     4.52415
          18     4.52415
          19     4.52415
          20     4.52415
          21     4.52415
          22     4.52415
          23     4.52415
          24     4.52415
          25     4.52415
          26     4.52415
          27     4.52415
          28     4.52415
          29     4.52415
          30     4.52415
          31     4.52415
          32     4.52415
          33     4.52415
          34     4.52415
          35     4.52415
          36     4.52415
          37     4.52415
          38     4.52415
          39     4.52415
          40     4.52415
          41     4.52415
          42     4.52415
          43     4.52415
          44     4.52415
          45     4.52415
          46     4.52415
          47     4.52415
          48     4.52415
          49     4.52415
          50     4.52415
          51     4.52415
          52     4.52415
          53     4.52415
          54     4.52415
          55     4.52415
          56     4.52415
          57     4.52415
          58     4.52415
          59     4.52415
          60     4.52415
          61     4.52415
          62     4.52415
          63     4.52415
          64     4.52415
          65     4.52415
          66     4.52415
          67     4.52415
          68     4.52415
          69     4.52415
          70     4.52415
          71     4.52415
          72     4.52415
          73     4.52415
          74     4.52415
          75     4.52415
          76     4.52415
          77     4.52415
          78     4.52415
          79     4.52415
          80     4.52415
          81     4.52415
          82     4.52415
          83     4.52415
          84     4.52415
          85     4.52415
          86     4.52415
          87     4.52415
          88     4.52415
          89     4.52415
          90     4.52415
          91     4.52415
          92     4.52415
          93     4.52415
          94     4.52415
          95     4.52415
          96     4.52415
          97     4.52415
          98     4.52415
          99     4.52415
           0     4.52415
           1     4.52415
           2     4.52415
           3     4.52415
           4     4.52415
           5     4.52415
           6     4.52415
           7     4.52415
           8     4.52415
           9     4.52415
          10     4.52415
          11     4.52415
          12     4.52415
          13     4.52415
          14     4.52415
          15     4.52415
          16     4.52415
          17     4.52415
          18     4.52415
          19     4.52415
          20     4.52415
          21     4.52415
          22     4.52415
          23     4.52415
          24     4.52415
          25     4.52415
          26     4.52415
          27     4.52415
          28     4.52415
          29     4.52415
          30     4.52415
          31     4.52415
          32     4.52415
          33     4.52415
          34     4.52415
          35     4.52415
          36     4.52415
          37     4.52415
          38     4.52415
          39     4.52415
          40     4.52415
          41     4.52415
          42     4.52415
          43     4.52415
          44     4.52415
          45     4.52415
          46     4.52415
          47     4.52415
          48     4.52415
          49     4.52415
          50     4.52415
          51     4.52415
          52     4.52415
          53     4.52415
          54     4.52415
          55     4.52415
          56     4.52415
          57     4.52415
          58     4.52415
          59     4.52415
          60     4.52415
          61     4.52415
          62     4.52415
          63     4.52415
          64     4.52415
          65     4.52415
          66     4.52415
          67     4.52415
          68     4.52415
          69     4.52415
          70     4.52415
          71     4.52415
          72     4.52415
          73     4.52415
          74     4.52415
          75     4.52415
          76     4.52415
          77     4.52415
          78     4.52415
          79     4.52415
          80     4.52415
          81     4.52415
          82     4.52415
          83     4.52415
          84     4.52415
          85     4.52415
          86     4.52415
          87     4.52415
          88     4.52415
          89     4.52415
          90     4.52415
          91     4.52415
          92     4.52415
          93     4.52415
          94     4.52415
          95     4.52415
          96     4.52415
          97     4.52415
          98     4.52415
          99     4.52415
           0     4.52415
           1     4.52415
           2     4.52415
           3     4.52415
           4     4.52415
           5     4.52415
           6     4.52415
           7     4.52415
           8     4.52415
           9     4.52415
          10     4.52415
          11     4.52415
          12     4.52415
          13     4.52415
          14     4.52415
          15     4.52415
          16     4.52415
          17     4.52415
          18     4.52415
          19     4.52415
          20     4.52415
          21     4.52415
          22     4.52415
          23     4.52415
          24     4.52415
          25     4.52415
          26     4.52415
          27     4.52415
          28     4.52415
          29     4.52415
          30     4.52415
          31     4.52415
          32     4.52415
          33     4.52415
          34     4.52415
          35     4.52415
          36     4.52415
          37     4.52415
          38     4.52415
          39     4.52415
          40     4.52415
          41     4.52415
          42     4.52415
          43     4.52415
          44     4.52415
          45     4.52415
          46     4.52415
          47     4.52415
          48     4.52415
          49     4.52415
          50     4.52415
          51     4.52415
          52     4.52415
          53     4.52415
          54     4.52415
          55     4.52415
          56     4.52415
          57     4.52415
          58     4.52415
          59     4.52415
          60     4.52415
          61     4.52415
          62     4.52415
          63     4.52415
          64     4.52415
          65     4.52415
          66     4.52415
          67     4.52415
          68     4.52415
          69     4.52415
          70     4.52415
          71     4.52415
          72     4.52415
          73     4.52415
          74     4.52415
          75     4.52415
          76     4.52415
          77     4.52415
          78     4.52415
          79     4.52415
          80     4.52415
          81     4.52415
          82     4.52415
          83     4.52415
          84     4.52415
          85     4.52415
          86     4.52415
          87     4.52415
          88     4.52415
          89     4.52415
          90     4.52415
          91     4.52415
          92     4.52415
          93     4.52415
          94     4.52415
          95     4.52415
          96     4.52415
          97     4.52415
          98     4.52415
          99     4.52415
           0     4.52415
           1     4.52415
           2     4.52415
           3     4.52415
           4     4.52415
           5     4.52415
           6     4.52415
           7     4.52415
           8     4.52415
           9     4.52415
          10     4.52415
          11     4.52415
          12     4.52415
          13     4.52415
          14     4.52415
          15     4.52415
          16     4.52415
          17     4.52415
          18     4.52415
          19     4.52415
          20     4.52415
          21     4.52415
          22     4.52415
          23     4.52415
          24     4.52415
          25     4.52415
          26     4.52415
          27     4.52415
          28     4.52415
          29     4.52415
          30     4.52415
          31     4.52415
          32     4.52415
          33     4.52415
          34     4.52415
          35     4.52415
          36     4.52415
          37     4.52415
          38     4.52415
          39     4.52415
          40     4.52415
          41     4.52415
          42     4.52415
          43     4.52415
          44     4.52415
          45     4.52415
          46     4.52415
          47     4.52415
          48     4.52415
          49     4.52415
          50     4.52415
          51     4.52415
          52     4.52415
          53     4.52415
          54     4.52415
          55     4.52415
          56     4.52415
          57     4.52415
          58     4.52415
          59     4.52415
          60     4.52415
          61     4.52415
          62     4.52415
          63     4.52415
          64     4.52415
          65     4.52415
          66     4.52415
          67     4.52415
          68     4.52415
          69     4.52415
          70     4.52415
          71     4.52415
          72     4.52415
          73     4.52415
          74     4.52415
          75     4.52415
          76     4.52415
          77     4.52415
          78     4.52415
          79     4.52415
          80     4.52415
          81     4.52415
          82     4.52415
          83     4.52415
          84     4.52415
          85     4.52415
          86     4.52415
          87     4.52415
          88     4.52415
          89     4.52415
          90     4.52415
          91     4.52415
          92     4.52415
          93     4.52415
          94     4.52415
          95     4.52415
          96     4.52415
          97     4.52415
          98     4.52415
          99     4.52415
           0     4.52415
           1     4.52415
           2     4.52415
           3     4.52415
           4     4.52415
           5     4.52415
           6     4.52415
           7     4.52415
           8     4.52415
           9     4.52415
          10     4.52415
          11     4.52415
          12     4.52415
          13     4.52415
          14     4.52415
          15     4.52415
          16     4.52415
          17     4.52415
          18     4.52415
          19     4.52415
          20     4.52415
          21     4.52415
          22     4.52415
          23     4.52415
          24     4.52415
          25     4.52415
          26     4.52415
          27     4.52415
          28     4.52415
          29     4.52415
          30     4.52415
          31     4.52415
          32     4.52415
          33     4.52415
          34     4.52415
          35     4.52415
          36     4.52415
          37     4.52415
          38     4.52415
          39     4.52415
          40     4.52415
          41     4.52415
          42     4.52415
          43     4.52415
          44     4.52415
          45     4.52415
          46     4.52415
          47     4.52415
          48     4.52415
          49     4.52415
          50     4.52415
          51     4.52415
          52     4.52415
          53     4.52415
          54     4.52415
          55     4.52415
          56     4.52415
          57     4.52415
          58     4.52415
          59     4.52415
          60     4.52415
          61     4.52415
          62     4.52415
          63     4.52415
          64     4.52415
          65     4.52415
          66     4.52415
          67     4.52415
          68     4.52415
          69     4.52415
          70     4.52415
          71     4.52415
          72     4.52415
          73     4.52415
          74     4.52415
          75     4.52415
          76     4.52415
          77     4.52415
          78     4.52415
          79     4.52415
          80     4.52415
          81     4.52415
          82     4.52415
          83     4.52415
          84     4.52415
          85     4.52415
          86     4.52415
          87     4.52415
          88     4.52415
          89     4.52415
          90     4.52415
          91     4.52415
          92     4.52415
          93     4.52415
          94     4.52415
          95     4.52415
          96     4.52415
          97     4.52415
          98     4.52415
          99     4.52415
           0     4.52415
           1     4.52415
           2     4.52415
           3     4.52415
           4     4.52415
           5     4.52415
           6     4.52415
           7     4.52415
           8     4.52415
           9     4.52415
          10     4.52415
          11     4.52415
          12     4.52415
          13     4.52415
          14     4.52415
          15     4.52415
          16     4.52415
          17     4.52415
          18     4.52415
          19     4.52415
          20     4.52415
          21     4.52415
          22     4.52415
          23     4.52415
          24     4.52415
          25     4.52415
          26     4.52415
          27     4.52415
          28     4.52415
          29     4.52415
          30     4.52415
          31     4.52415
          32     4.52415
          33     4.52415
          34     4.52415
          35     4.52415
          36     4.52415
          37     4.52415
          38     4.52415
          39     4.52415
          40     4.52415
          41     4.52415
          42     4.52415
          43     4.52415
          44     4.52415
          45     4.52415
          46     4.52415
          47     4.52415
          48     4.52415
          49     4.52415
          50     4.52415
          51     4.52415
          52     4.52415
          53     4.52415
          54     4.52415
          55     4.52415
          56     4.52415
          57     4.52415
          58     4.52415
          59     4.52415
          60     4.52415
          61     4.52415
          62     4.52415
          63     4.52415
          64     4.52415
          65     4.52415
          66     4.52415
          67     4.52415
          68     4.52415
          69     4.52415
          70     4.52415
          71     4.52415
          72     4.52415
          73     4.52415
          74     4.52415
          75     4.52415
          76     4.52415
          77     4.52415
          78     4.52415
          79     4.52415
          80     4.52415
          81     4.52415
          82     4.52415
          83     4.52415
          84     4.52415
          85     4.52415
          86     4.52415
          87     4.52415
          88     4.52415
          89     4.52415
          90     4.52415
          91     4.52415
          92     4.52415
          93     4.52415
          94     4.52415
          95     4.52415
          96     4.52415
          97     4.52415
          98     4.52415
          99     4.52415
