           0     25.0316
           1     23.9559
           2     20.6347
           3     20.1633
           4     18.9691
           5     18.5099
           6      17.206
           7      17.206
           8     17.1064
           9     17.1064
          10     16.0881
          11     16.0881
          12     15.2518
          13     15.2518
          14     15.2404
          15     13.6498
          16     13.6498
          17     13.6498
          18     13.6498
          19     13.3484
          20     13.2417
          21      13.005
          22     12.7639
          23     12.7639
          24     12.2801
          25     12.2801
          26     12.2801
          27     11.9297
          28     11.9297
          29     11.7921
          30     11.7921
          31     11.7921
          32     11.7921
          33     11.7458
          34     11.7458
          35     11.4725
          36     11.4725
          37     11.3384
          38     10.7531
          39     10.7531
          40     10.7531
          41     10.7531
          42     10.7531
          43     10.7531
          44     10.7531
          45     10.7518
          46     10.7518
          47     10.7126
          48     10.7115
          49     10.6842
          50     10.6449
          51     10.6449
          52     10.5725
          53      10.511
          54      10.511
          55      10.511
          56      10.511
          57      10.511
          58      10.511
          59     10.5003
          60     10.5003
          61     10.4467
          62     10.4467
          63     10.4467
          64     10.4467
          65     10.3123
          66     10.0832
          67     10.0832
          68     10.0832
          69     10.0832
          70     10.0832
          71     9.86925
          72     9.86925
          73     9.86925
          74     9.86925
          75      9.8466
          76     9.63263
          77     9.63263
          78     9.50232
          79     9.50232
          80     9.50232
          81     9.50232
          82     9.50232
          83     9.50232
          84     9.50232
          85     9.50232
          86     9.50232
          87     9.43695
          88     9.43695
          89     9.19522
          90     9.19522
          91     9.19522
          92     9.19522
          93     9.19522
          94     9.19522
          95     9.19522
          96     9.19522
          97     9.19522
          98     9.19522
          99     9.19522
           0     8.64607
           1     8.64607
           2     8.64607
           3     8.64607
           4     8.63506
           5     8.58726
           6     8.58726
           7     8.58726
           8     8.58726
           9     8.58726
          10     8.57307
          11     8.37125
          12     8.35706
          13     8.35706
          14     8.35706
          15     8.35706
          16     8.35706
          17     8.35706
          18     8.35706
          19     8.35706
          20     8.35706
          21     8.35706
          22     8.35706
          23     8.35706
          24     8.35706
          25     8.35706
          26     8.35706
          27     8.35706
          28     8.35706
          29     8.35706
          30     8.35706
          31     8.35706
          32     8.35706
          33     8.35706
          34     8.35706
          35     8.35706
          36     8.35706
          37     8.27806
          38     8.20447
          39     8.20447
          40     8.20447
          41     8.20447
          42     8.20447
          43     8.20447
          44     8.20447
          45     8.20447
          46     8.20447
          47     8.20447
          48     8.20447
          49     8.20447
          50     8.20447
          51     8.20447
          52     8.20447
          53     8.20447
          54     8.20447
          55     8.20447
          56     8.20447
          57      7.7616
          58     7.70304
          59     7.70304
          60     7.70304
          61     7.70304
          62     7.70304
          63     7.70304
          64     7.70304
          65      7.6801
          66      7.6801
          67      7.6801
          68      7.6801
          69      7.6801
          70      7.6801
          71     7.41158
          72     7.41158
          73     7.41158
          74     7.41158
          75     7.41158
          76     7.41158
          77     7.41158
          78     7.41158
          79     7.41158
          80     7.41158
          81     7.41158
          82     7.41158
          83     6.92544
          84     6.92544
          85     6.92544
          86     6.92544
          87     6.92544
          88     6.92544
          89     6.92544
          90     6.92544
          91     6.92544
          92     6.92544
          93     6.92544
          94     6.92544
          95     6.92544
          96     6.92544
          97     6.92544
          98     6.92544
          99     6.92544
           0     6.92544
           1     6.92544
           2     6.92544
           3     6.56615
           4     6.56615
           5     6.56615
           6     6.15901
           7     6.15901
           8     6.15901
           9     6.15901
          10     6.15901
          11     6.15901
          12     6.15901
          13     6.15901
          14     6.15901
          15     6.15901
          16     6.15901
          17     6.15901
          18     6.15901
          19     6.13917
          20     6.13917
          21     6.13917
          22     6.13917
          23     6.13917
          24     6.13917
          25     6.13917
          26     6.02254
          27     6.01206
          28     6.01206
          29     5.89542
          30     5.89542
          31     5.89542
          32     5.89542
          33     5.89542
          34     5.89542
          35     5.89542
          36     5.89542
          37     5.89542
          38     5.89542
          39     5.89542
          40     5.89542
          41     5.89542
          42     5.89542
          43     5.89542
          44     5.89542
          45     5.89542
          46     5.89542
          47     5.89542
          48     5.89542
          49     5.89542
          50     5.89542
          51     5.89542
          52     5.89542
          53     5.89542
          54     5.89291
          55     5.89291
          56     5.89291
          57     5.89291
          58     5.89291
          59     5.89291
          60     5.89291
          61     5.89291
          62     5.89291
          63     5.89291
          64     5.89291
          65     5.89291
          66     5.89291
          67     5.89291
          68     5.89291
          69     5.89291
          70     5.89291
          71     5.89291
          72     5.89291
          73     5.89291
          74     5.89291
          75     5.89291
          76     5.89291
          77     5.89291
          78     5.89291
          79     5.89291
          80     5.89291
          81     5.89291
          82     5.89291
          83     5.89291
          84     5.89291
          85     5.89291
          86     5.89291
          87     5.89291
          88     5.89291
          89     5.89291
          90     5.89291
          91     5.89291
          92     5.89291
          93     5.89291
          94     5.89291
          95     5.89291
          96     5.89291
          97     5.89291
          98     5.89291
          99     5.89291
           0     5.89291
           1     5.89291
           2     5.89291
           3     5.89291
           4     5.89291
           5     5.89291
           6     5.89291
           7     5.89291
           8     5.89291
           9     5.89291
          10     5.89291
          11     5.89291
          12     5.89291
          13     5.89291
          14     5.89291
          15     5.89291
          16     5.89291
          17     5.89291
          18     5.89291
          19     5.89291
          20     5.89291
          21     5.89291
          22     5.89291
          23     5.89291
          24     5.89291
          25     5.89291
          26     5.89291
          27     5.89291
          28     5.89291
          29     5.89291
          30     5.89291
          31     5.89291
          32     5.89291
          33     5.89291
          34     5.89291
          35     5.89291
          36     5.89291
          37     5.89291
          38     5.89291
          39     5.89291
          40     5.89291
          41     5.89291
          42     5.89291
          43     5.89291
          44     5.89291
          45     5.89291
          46     5.89291
          47     5.89291
          48     5.89291
          49     5.89291
          50     5.89291
          51     5.89291
          52     5.89291
          53     5.89291
          54     5.89291
          55     5.89291
          56     5.89291
          57     5.89291
          58     5.89291
          59     5.89291
          60     5.89291
          61     5.89291
          62     5.89291
          63     5.89291
          64     5.89291
          65     5.89291
          66     5.89291
          67     5.89291
          68     5.89291
          69     5.89291
          70     5.89291
          71     5.89291
          72     5.89291
          73     5.89291
          74     5.89291
          75     5.89291
          76     5.89291
          77     5.89291
          78     5.89291
          79     5.89291
          80     5.89291
          81     5.89291
          82     5.89291
          83     5.89291
          84     5.89291
          85     5.89291
          86     5.89291
          87     5.89291
          88     5.89291
          89     5.89291
          90     5.89291
          91     5.89291
          92     5.89291
          93     5.89291
          94     5.89291
          95     5.89291
          96     5.89291
          97     5.89291
          98     5.89291
          99     5.89291
           0     5.89291
           1     5.89291
           2     5.89291
           3     5.89291
           4     5.89291
           5     5.89291
           6     5.89291
           7     5.89291
           8     5.89291
           9     5.89291
          10     5.89291
          11     5.89291
          12     5.89291
          13     5.89291
          14     5.89291
          15     5.89291
          16     5.89291
          17     5.89291
          18     5.89291
          19     5.89291
          20     5.89291
          21     5.89291
          22     5.89291
          23     5.89291
          24     5.89291
          25     5.89291
          26     5.89291
          27     5.89291
          28     5.89291
          29     5.89291
          30     5.89291
          31     5.89291
          32     5.89291
          33     5.89291
          34     5.89291
          35     5.89291
          36     5.89291
          37     5.89291
          38     5.89291
          39     5.89291
          40     5.89291
          41     5.89291
          42     5.89291
          43     5.89291
          44     5.89291
          45     5.89291
          46     5.89291
          47     5.89291
          48     5.89291
          49     5.89291
          50     5.89291
          51     5.89291
          52     5.89291
          53     5.89291
          54     5.89291
          55     5.89291
          56     5.89291
          57     5.89291
          58     5.89291
          59     5.89291
          60     5.89291
          61     5.89291
          62     5.89291
          63     5.89291
          64     5.89291
          65     5.89291
          66     5.89291
          67     5.89291
          68     5.89291
          69     5.89291
          70     5.89291
          71     5.89291
          72     5.89291
          73     5.89291
          74     5.89291
          75     5.89291
          76     5.89291
          77     5.89291
          78     5.89291
          79     5.89291
          80     5.89291
          81     5.89291
          82     5.89291
          83     5.89291
          84     5.89291
          85     5.89291
          86     5.89291
          87     5.89291
          88     5.89291
          89     5.89291
          90     5.89291
          91     5.89291
          92     5.89291
          93     5.89291
          94     5.89291
          95     5.89291
          96     5.89291
          97     5.89291
          98     5.89291
          99     5.89291
           0     5.89291
           1     5.89291
           2     5.89291
           3     5.89291
           4     5.89291
           5     5.89291
           6     5.89291
           7     5.89291
           8     5.89291
           9     5.89291
          10     5.89291
          11     5.89291
          12     5.89291
          13     5.89291
          14     5.89291
          15     5.89291
          16     5.89291
          17     5.89291
          18     5.89291
          19     5.89291
          20     5.89291
          21     5.89291
          22     5.89291
          23     5.89291
          24     5.89291
          25     5.89291
          26     5.89291
          27     5.89291
          28     5.89291
          29     5.89291
          30     5.89291
          31     5.89291
          32     5.89291
          33     5.89291
          34     5.89291
          35     5.89291
          36     5.89291
          37     5.89291
          38     5.89291
          39     5.89291
          40     5.89291
          41     5.89291
          42     5.89291
          43     5.89291
          44     5.89291
          45     5.89291
          46     5.89291
          47     5.89291
          48     5.89291
          49     5.89291
          50     5.89291
          51     5.89291
          52     5.89291
          53     5.89291
          54     5.89291
          55     5.89291
          56     5.89291
          57     5.89291
          58     5.89291
          59     5.89291
          60     5.89291
          61     5.89291
          62     5.89291
          63     5.89291
          64     5.89291
          65     5.89291
          66     5.89291
          67     5.89291
          68     5.89291
          69     5.89291
          70     5.89291
          71     5.89291
          72     5.89291
          73     5.89291
          74     5.89291
          75     5.89291
          76     5.89291
          77     5.89291
          78     5.89291
          79     5.89291
          80     5.89291
          81     5.89291
          82     5.89291
          83     5.89291
          84     5.89291
          85     5.89291
          86     5.89291
          87     5.89291
          88     5.89291
          89     5.89291
          90     5.89291
          91     5.89291
          92     5.89291
          93     5.89291
          94     5.89291
          95     5.89291
          96     5.89291
          97     5.89291
          98     5.89291
          99     5.89291
           0     5.89291
           1     5.89291
           2     5.89291
           3     5.89291
           4     5.89291
           5     5.89291
           6     5.89291
           7     5.89291
           8     5.89291
           9     5.89291
          10     5.89291
          11     5.89291
          12     5.89291
          13     5.89291
          14     5.89291
          15     5.89291
          16     5.89291
          17     5.89291
          18     5.89291
          19     5.89291
          20     5.89291
          21     5.89291
          22     5.89291
          23     5.89291
          24     5.89291
          25     5.89291
          26     5.89291
          27     5.89291
          28     5.89291
          29     5.89291
          30     5.89291
          31     5.89291
          32     5.89291
          33     5.89291
          34     5.89291
          35     5.89291
          36     5.89291
          37     5.89291
          38     5.89291
          39     5.89291
          40     5.89291
          41     5.89291
          42     5.89291
          43     5.89291
          44     5.89291
          45     5.89291
          46     5.89291
          47     5.89291
          48     5.89291
          49     5.89291
          50     5.89291
          51     5.89291
          52     5.89291
          53     5.89291
          54     5.89291
          55     5.89291
          56     5.89291
          57     5.89291
          58     5.89291
          59     5.89291
          60     5.89291
          61     5.89291
          62     5.89291
          63     5.89291
          64     5.89291
          65     5.89291
          66     5.89291
          67     5.89291
          68     5.89291
          69     5.89291
          70     5.89291
          71     5.89291
          72     5.89291
          73     5.89291
          74     5.89291
          75     5.89291
          76     5.89291
          77     5.89291
          78     5.89291
          79     5.89291
          80     5.89291
          81     5.89291
          82     5.89291
          83     5.89291
          84     5.89291
          85     5.89291
          86     5.89291
          87     5.89291
          88     5.89291
          89     5.89291
          90     5.89291
          91     5.89291
          92     5.89291
          93     5.89291
          94     5.89291
          95     5.89291
          96     5.89291
          97     5.89291
          98     5.89291
          99     5.89291
           0     5.89291
           1     5.89291
           2     5.89291
           3     5.89291
           4     5.89291
           5     5.89291
           6     5.89291
           7     5.89291
           8     5.89291
           9     5.89291
          10     5.89291
          11     5.89291
          12     5.89291
          13     5.89291
          14     5.89291
          15     5.89291
          16     5.89291
          17     5.89291
          18     5.89291
          19     5.89291
          20     5.89291
          21     5.89291
          22     5.89291
          23     5.89291
          24     5.89291
          25     5.89291
          26     5.89291
          27     5.89291
          28     5.89291
          29     5.89291
          30     5.89291
          31     5.89291
          32     5.89291
          33     5.89291
          34     5.89291
          35     5.89291
          36     5.89291
          37     5.89291
          38     5.89291
          39     5.89291
          40     5.89291
          41     5.89291
          42     5.89291
          43     5.89291
          44     5.89291
          45     5.89291
          46     5.89291
          47     5.89291
          48     5.89291
          49     5.89291
          50     5.89291
          51     5.89291
          52     5.89291
          53     5.89291
          54     5.89291
          55     5.89291
          56     5.89291
          57     5.89291
          58     5.89291
          59     5.89291
          60     5.89291
          61     5.89291
          62     5.89291
          63     5.89291
          64     5.89291
          65     5.89291
          66     5.89291
          67     5.89291
          68     5.89291
          69     5.89291
          70     5.89291
          71     5.89291
          72     5.89291
          73     5.89291
          74     5.89291
          75     5.89291
          76     5.89291
          77     5.89291
          78     5.89291
          79     5.89291
          80     5.89291
          81     5.89291
          82     5.89291
          83     5.89291
          84     5.89291
          85     5.89291
          86     5.89291
          87     5.89291
          88     5.89291
          89     5.89291
          90     5.89291
          91     5.89291
          92     5.89291
          93     5.89291
          94     5.89291
          95     5.89291
          96     5.89291
          97     5.89291
          98     5.89291
          99     5.89291
           0     5.89291
           1     5.89291
           2     5.89291
           3     5.89291
           4     5.89291
           5     5.89291
           6     5.89291
           7     5.89291
           8     5.89291
           9     5.89291
          10     5.89291
          11     5.89291
          12     5.89291
          13     5.89291
          14     5.89291
          15     5.89291
          16     5.89291
          17     5.89291
          18     5.89291
          19     5.89291
          20     5.89291
          21     5.89291
          22     5.89291
          23     5.89291
          24     5.89291
          25     5.89291
          26     5.89291
          27     5.89291
          28     5.89291
          29     5.89291
          30     5.89291
          31     5.89291
          32     5.89291
          33     5.89291
          34     5.89291
          35     5.89291
          36     5.89291
          37     5.89291
          38     5.89291
          39     5.89291
          40     5.89291
          41     5.89291
          42     5.89291
          43     5.89291
          44     5.89291
          45     5.89291
          46     5.89291
          47     5.89291
          48     5.89291
          49     5.89291
          50     5.89291
          51     5.89291
          52     5.89291
          53     5.89291
          54     5.89291
          55     5.89291
          56     5.89291
          57     5.89291
          58     5.89291
          59     5.89291
          60     5.89291
          61     5.89291
          62     5.89291
          63     5.89291
          64     5.89291
          65     5.89291
          66     5.89291
          67     5.89291
          68     5.89291
          69     5.89291
          70     5.89291
          71     5.89291
          72     5.89291
          73     5.89291
          74     5.89291
          75     5.89291
          76     5.89291
          77     5.89291
          78     5.89291
          79     5.89291
          80     5.89291
          81     5.89291
          82     5.89291
          83     5.89291
          84     5.89291
          85     5.89291
          86     5.89291
          87     5.89291
          88     5.89291
          89     5.89291
          90     5.89291
          91     5.89291
          92     5.89291
          93     5.89291
          94     5.89291
          95     5.89291
          96     5.89291
          97     5.89291
          98     5.89291
          99     5.89291
           0     5.89291
           1     5.89291
           2     5.89291
           3     5.89291
           4     5.89291
           5     5.89291
           6     5.89291
           7     5.89291
           8     5.89291
           9     5.89291
          10     5.89291
          11     5.89291
          12     5.89291
          13     5.89291
          14     5.89291
          15     5.89291
          16     5.89291
          17     5.89291
          18     5.89291
          19     5.89291
          20     5.89291
          21     5.89291
          22     5.89291
          23     5.89291
          24     5.89291
          25     5.89291
          26     5.89291
          27     5.89291
          28     5.89291
          29     5.89291
          30     5.89291
          31     5.89291
          32     5.89291
          33     5.89291
          34     5.89291
          35     5.89291
          36     5.89291
          37     5.89291
          38     5.89291
          39     5.89291
          40     5.89291
          41     5.89291
          42     5.89291
          43     5.89291
          44     5.89291
          45     5.89291
          46     5.89291
          47     5.89291
          48     5.89291
          49     5.89291
          50     5.89291
          51     5.89291
          52     5.89291
          53     5.89291
          54     5.89291
          55     5.89291
          56     5.89291
          57     5.89291
          58     5.89291
          59     5.89291
          60     5.89291
          61     5.89291
          62     5.89291
          63     5.89291
          64     5.89291
          65     5.89291
          66     5.89291
          67     5.89291
          68     5.89291
          69     5.89291
          70     5.89291
          71     5.89291
          72     5.89291
          73     5.89291
          74     5.89291
          75     5.89291
          76     5.89291
          77     5.89291
          78     5.89291
          79     5.89291
          80     5.89291
          81     5.89291
          82     5.89291
          83     5.89291
          84     5.89291
          85     5.89291
          86     5.89291
          87     5.89291
          88     5.89291
          89     5.89291
          90     5.89291
          91     5.89291
          92     5.89291
          93     5.89291
          94     5.89291
          95     5.89291
          96     5.89291
          97     5.89291
          98     5.89291
          99     5.89291
