           0     27.9655
           1     25.1685
           2     24.9673
           3     23.9629
           4     21.6982
           5     21.6982
           6     20.1287
           7     20.1287
           8     19.4594
           9     17.9452
          10     15.8158
          11     15.8158
          12     15.7197
          13      15.457
          14     14.9226
          15     14.5639
          16     14.5639
          17     14.5359
          18     14.2694
          19     13.6515
          20     13.5109
          21     12.1413
          22     11.2515
          23     11.2515
          24     10.6774
          25     10.6774
          26     10.6774
          27     10.6774
          28     10.5382
          29     10.5382
          30     10.5382
          31     10.5382
          32     10.3578
          33     10.3578
          34     10.3578
          35     10.3281
          36     10.3281
          37     10.3281
          38     10.3281
          39     10.3281
          40     10.3281
          41     10.2188
          42     10.0769
          43     10.0769
          44     10.0769
          45     10.0769
          46     10.0769
          47     10.0769
          48     10.0769
          49     10.0769
          50     10.0769
          51     10.0769
          52     10.0769
          53     10.0769
          54     10.0109
          55     10.0109
          56     9.96696
          57     9.96696
          58     9.96696
          59     9.96696
          60     9.96696
          61      9.9281
          62      9.9281
          63      9.9281
          64      9.9281
          65      9.9281
          66      9.9281
          67      9.9281
          68     9.87548
          69     9.87548
          70     9.87548
          71     9.87548
          72     9.87548
          73     9.87548
          74     9.87548
          75     9.24195
          76     9.24195
          77     9.16831
          78     9.16831
          79     9.08206
          80     9.08206
          81     9.08206
          82     9.08206
          83     9.08206
          84     9.08206
          85     8.86143
          86     8.54947
          87     8.34139
          88     8.32884
          89     8.32884
          90     8.32884
          91     7.67348
          92     7.66094
          93     7.45285
          94     7.45285
          95     7.45285
          96     7.45285
          97     7.37992
          98     7.37992
          99     7.37992
           0      7.3717
           1      7.3717
           2      7.3717
           3      7.3717
           4      7.3717
           5      7.3717
           6      7.3717
           7      7.3717
           8      7.3717
           9      7.3717
          10      7.3717
          11      7.3717
          12      7.3717
          13      7.3717
          14      7.3717
          15      7.3717
          16     7.25296
          17     7.25296
          18     7.25296
          19     7.25296
          20     7.25296
          21     7.25296
          22     7.25296
          23     7.25296
          24     7.25296
          25     7.25296
          26     7.25296
          27     7.25296
          28     7.25296
          29     7.25296
          30     7.25296
          31     7.25296
          32     7.20901
          33     7.20901
          34     7.20901
          35     7.20901
          36     7.20901
          37     7.20901
          38     7.20901
          39     7.20901
          40     7.20901
          41     7.20901
          42     7.20901
          43     7.20901
          44     7.20901
          45     7.20901
          46     7.20901
          47     7.20901
          48     7.20901
          49     7.20901
          50     7.20901
          51     7.20901
          52     7.20901
          53     7.20901
          54     7.20901
          55     7.20901
          56     7.20901
          57     7.20901
          58     7.20901
          59     7.20901
          60     7.20901
          61     7.20901
          62     7.20901
          63     7.20901
          64     7.20901
          65     7.20901
          66     7.20901
          67     7.20901
          68     7.20901
          69     7.20901
          70     7.20901
          71     7.20901
          72     7.20901
          73     7.20901
          74     7.20901
          75     7.20901
          76     7.20901
          77     7.20901
          78     7.20901
          79     7.20901
          80     7.20901
          81     7.20901
          82     7.20901
          83     7.20901
          84     7.20901
          85     7.20901
          86     7.20901
          87     7.20901
          88     7.20901
          89     7.20901
          90     7.20901
          91     7.20901
          92     7.20901
          93     7.20901
          94     7.20901
          95     7.20901
          96     6.28025
          97     6.28025
          98     6.27258
          99     6.27258
           0     6.27258
           1     6.27258
           2     6.27258
           3     6.27258
           4     6.27258
           5     6.27258
           6     6.27258
           7     6.27258
           8     6.27258
           9     6.27258
          10     6.27258
          11     6.27258
          12     6.27258
          13     6.27258
          14     6.27258
          15     6.27258
          16     6.27258
          17     6.27258
          18     6.27258
          19     6.27258
          20     6.27258
          21     6.27258
          22     6.27258
          23     6.27258
          24     6.27258
          25     6.27258
          26     6.21851
          27     6.19567
          28     6.19567
          29     6.19567
          30     6.19567
          31     6.19567
          32     6.19567
          33     6.19567
          34     6.19567
          35     6.19567
          36     6.19567
          37     6.19567
          38     6.19567
          39     6.19567
          40     6.19567
          41     6.19567
          42     6.19567
          43     6.19567
          44     6.19567
          45     6.19567
          46     6.19567
          47     6.19567
          48     6.19567
          49     6.19567
          50     6.19567
          51     6.19567
          52     6.19567
          53     6.19567
          54     6.19567
          55     6.19567
          56     6.19567
          57     6.19567
          58     6.19567
          59     6.19567
          60     6.19567
          61     6.19567
          62     6.19567
          63     6.19567
          64     6.19567
          65     6.19567
          66     6.19567
          67     6.19567
          68     6.19567
          69     6.19567
          70     6.19567
          71     6.19567
          72     6.19567
          73     6.19567
          74     6.19567
          75     6.19567
          76     6.19567
          77     6.19567
          78     6.19567
          79     6.19567
          80     6.19567
          81     6.19567
          82     6.19567
          83     6.19567
          84     6.19567
          85     6.19567
          86     6.19567
          87     6.19567
          88     6.19567
          89     6.19567
          90     6.19567
          91     6.19567
          92     6.19567
          93     6.19567
          94     6.19567
          95     6.19567
          96     6.19567
          97     6.19567
          98     6.19567
          99     6.19567
           0     6.19567
           1     6.19567
           2     6.19567
           3     6.19567
           4     6.19567
           5     6.19567
           6     6.19567
           7     6.19567
           8     6.19567
           9     6.19567
          10     6.19567
          11     6.19567
          12     6.19567
          13     6.19567
          14     6.19567
          15     6.19567
          16     6.19567
          17     6.19567
          18     6.19567
          19     6.19567
          20     6.19567
          21     6.19567
          22     6.19567
          23     6.19567
          24     6.19567
          25     6.19567
          26     6.19567
          27     6.19567
          28     6.19567
          29     6.19567
          30     6.19567
          31     6.19567
          32     6.19567
          33     6.19567
          34     6.19567
          35     6.19567
          36     6.19567
          37     6.19567
          38     6.19567
          39     6.19567
          40     6.19567
          41     6.19567
          42     6.19567
          43     6.19567
          44     6.19567
          45     6.19567
          46     6.19567
          47     6.19567
          48     6.19567
          49     6.19567
          50     6.19567
          51     6.19567
          52     6.19567
          53     6.19567
          54     6.19567
          55     6.19567
          56     6.19567
          57     6.19567
          58     6.19567
          59     6.19567
          60     6.19567
          61     6.19567
          62     6.19567
          63     6.19567
          64     6.19567
          65     6.19567
          66     6.19567
          67     6.19567
          68     6.19567
          69     6.19567
          70     6.19567
          71     6.19567
          72     6.19567
          73     6.19567
          74     6.19567
          75     6.19567
          76     6.19567
          77     6.19567
          78     6.19567
          79     6.19567
          80     6.19567
          81     6.19567
          82     6.19567
          83     6.19567
          84     6.19567
          85     6.19567
          86     6.19567
          87     6.19567
          88     6.19567
          89     6.19567
          90     6.19567
          91     6.19567
          92     6.19567
          93     6.19567
          94     6.19567
          95     6.19567
          96     6.19567
          97     6.19567
          98     6.19567
          99     6.19567
           0     6.19567
           1     6.19567
           2     6.19567
           3     6.19567
           4     6.19567
           5     6.19567
           6     6.19567
           7     6.19567
           8     6.19567
           9     6.19567
          10     6.19567
          11     6.19567
          12     6.19567
          13     6.19567
          14     6.19567
          15     6.19567
          16     6.19567
          17     6.19567
          18     6.19567
          19     6.19567
          20     6.19567
          21     6.19567
          22     6.19567
          23     6.19567
          24     6.19567
          25     6.19567
          26     6.19567
          27     6.19567
          28     6.19567
          29     6.19567
          30     6.19567
          31     6.19567
          32     6.19567
          33     6.19567
          34     6.19567
          35     6.19567
          36     6.19567
          37     6.19567
          38     6.19567
          39     6.19567
          40     6.19567
          41     6.19567
          42     6.19567
          43     6.19567
          44     6.19567
          45     6.19567
          46     6.19567
          47     6.19567
          48     6.19567
          49     6.19567
          50     6.19567
          51     6.19567
          52     6.19567
          53     6.19567
          54     6.19567
          55     6.19567
          56     6.19567
          57     6.19567
          58     6.19567
          59     6.19567
          60     6.19567
          61     6.19567
          62     6.19567
          63     6.19567
          64     6.19567
          65     6.19567
          66     6.19567
          67     6.19567
          68     6.19567
          69     6.19567
          70     6.19567
          71     6.19567
          72     6.19567
          73     6.19567
          74     6.19567
          75     6.19567
          76     6.19567
          77     6.19567
          78     6.19567
          79     6.19567
          80     6.19567
          81     6.19567
          82     6.19567
          83     6.19567
          84     6.19567
          85     6.19567
          86     6.19567
          87     6.19567
          88     6.19567
          89     6.19567
          90     6.19567
          91     6.19567
          92     6.19567
          93     6.19567
          94     6.19567
          95     6.19567
          96     6.19567
          97     6.19567
          98     6.19567
          99     6.19567
           0     6.19567
           1     6.19567
           2     6.19567
           3     6.19567
           4     6.19567
           5     6.19567
           6     6.19567
           7     6.19567
           8     6.19567
           9     6.19567
          10     6.19567
          11     6.19567
          12     6.19567
          13     6.19567
          14     6.19567
          15     6.19567
          16     6.19567
          17     6.19567
          18     6.19567
          19     6.19567
          20     6.19567
          21     6.19567
          22     6.19567
          23     6.19567
          24     6.19567
          25     6.19567
          26     6.19567
          27     6.19567
          28     6.19567
          29     6.19567
          30     6.19567
          31     6.19567
          32     6.19567
          33     6.19567
          34     6.19567
          35     6.19567
          36     6.19567
          37     6.19567
          38     6.19567
          39     6.19567
          40     6.19567
          41     6.19567
          42     6.19567
          43     6.19567
          44     6.19567
          45     6.19567
          46     6.19567
          47     6.19567
          48     6.19567
          49     6.19567
          50     6.19567
          51     6.19567
          52     6.19567
          53     6.19567
          54     6.19567
          55     6.19567
          56     6.19567
          57     6.19567
          58     6.19567
          59     6.19567
          60     6.19567
          61     6.19567
          62     6.19567
          63     6.19567
          64     6.19567
          65     6.19567
          66     6.19567
          67     6.19567
          68     6.19567
          69     6.19567
          70     6.19567
          71     6.19567
          72     6.19567
          73     6.19567
          74     6.19567
          75     6.19567
          76     6.19567
          77     6.19567
          78     6.19567
          79     6.19567
          80     6.19567
          81     6.19567
          82     6.19567
          83     6.19567
          84     6.19567
          85     6.19567
          86     6.19567
          87     6.19567
          88     6.19567
          89     6.19567
          90     6.19567
          91     6.19567
          92     6.19567
          93     6.19567
          94     6.19567
          95     6.19567
          96     6.19567
          97     6.19567
          98     6.19567
          99     6.19567
           0     6.19567
           1     6.19567
           2     6.19567
           3     6.19567
           4     6.19567
           5     6.19567
           6     6.19567
           7     6.19567
           8     6.19567
           9     6.19567
          10     6.19567
          11     6.19567
          12     6.19567
          13     6.19567
          14     6.19567
          15     6.19567
          16     6.19567
          17     6.19567
          18     6.19567
          19     6.19567
          20     6.19567
          21     6.19567
          22     6.19567
          23     6.19567
          24     6.19567
          25     6.19567
          26     6.19567
          27     6.19567
          28     6.19567
          29     6.19567
          30     6.19567
          31     6.19567
          32     6.19567
          33     6.19567
          34     6.19567
          35     6.19567
          36     6.19567
          37     6.19567
          38     6.19567
          39     6.19567
          40     6.19567
          41     6.19567
          42     6.19567
          43     6.19567
          44     6.19567
          45     6.19567
          46     6.19567
          47     6.19567
          48     6.19567
          49     6.19567
          50     6.19567
          51     6.19567
          52     6.19567
          53     6.19567
          54     6.19567
          55     6.19567
          56     6.19567
          57     6.19567
          58     6.19567
          59     6.19567
          60     6.19567
          61     6.19567
          62     6.19567
          63     6.19567
          64     6.19567
          65     6.19567
          66     6.19567
          67     6.19567
          68     6.19567
          69     6.19567
          70     6.19567
          71     6.19567
          72     6.19567
          73     6.19567
          74     6.19567
          75     6.19567
          76     6.19567
          77     6.19567
          78     6.19567
          79     6.19567
          80     6.19567
          81     6.19567
          82     6.19567
          83     6.19567
          84     6.19567
          85     6.19567
          86     6.19567
          87     6.19567
          88     6.19567
          89     6.19567
          90     6.19567
          91     6.19567
          92     6.19567
          93     6.19567
          94     6.19567
          95     6.19567
          96     6.19567
          97     6.19567
          98     6.19567
          99     6.19567
           0     6.19567
           1     6.19567
           2     6.19567
           3     6.19567
           4     6.19567
           5     6.19567
           6     6.19567
           7     6.19567
           8     6.19567
           9     6.19567
          10     6.19567
          11     6.19567
          12     6.19567
          13     6.19567
          14     6.19567
          15     6.19567
          16     6.19567
          17     6.19567
          18     6.19567
          19     6.19567
          20     6.19567
          21     6.19567
          22     6.19567
          23     6.19567
          24     6.19567
          25     6.19567
          26     6.19567
          27     6.19567
          28     6.19567
          29     6.19567
          30     6.19567
          31     6.19567
          32     6.19567
          33     6.19567
          34     6.19567
          35     6.19567
          36     6.19567
          37     6.19567
          38     6.19567
          39     6.19567
          40     6.19567
          41     6.19567
          42     6.19567
          43     6.19567
          44     6.19567
          45     6.19567
          46     6.19567
          47     6.19567
          48     6.19567
          49     6.19567
          50     6.19567
          51     6.19567
          52     6.19567
          53     6.19567
          54     6.19567
          55     6.19567
          56     6.19567
          57     6.19567
          58     6.19567
          59     6.19567
          60     6.19567
          61     6.19567
          62     6.19567
          63     6.19567
          64     6.19567
          65     6.19567
          66     6.19567
          67     6.19567
          68     6.19567
          69     6.19567
          70     6.19567
          71     6.19567
          72     6.19567
          73     6.19567
          74     6.19567
          75     6.19567
          76     6.19567
          77     6.19567
          78     6.19567
          79     6.19567
          80     6.19567
          81     6.19567
          82     6.19567
          83     6.19567
          84     6.19567
          85     6.19567
          86     6.19567
          87     6.19567
          88     6.19567
          89     6.19567
          90     6.19567
          91     6.19567
          92     6.19567
          93     6.19567
          94     6.19567
          95     6.19567
          96     6.19567
          97     6.19567
          98     6.19567
          99     6.19567
           0     6.19567
           1     6.19567
           2     6.19567
           3     6.19567
           4     6.19567
           5     6.19567
           6     6.19567
           7     6.19567
           8     6.19567
           9     6.19567
          10     6.19567
          11     6.19567
          12     6.19567
          13     6.19567
          14     6.19567
          15     6.19567
          16     6.19567
          17     6.19567
          18     6.19567
          19     6.19567
          20     6.19567
          21     6.19567
          22     6.19567
          23     6.19567
          24     6.19567
          25     6.19567
          26     6.19567
          27     6.19567
          28     6.19567
          29     6.19567
          30     6.19567
          31     6.19567
          32     6.19567
          33     6.19567
          34     6.19567
          35     6.19567
          36     6.19567
          37     6.19567
          38     6.19567
          39     6.19567
          40     6.19567
          41     6.19567
          42     6.19567
          43     6.19567
          44     6.19567
          45     6.19567
          46     6.19567
          47     6.19567
          48     6.19567
          49     6.19567
          50     6.19567
          51     6.19567
          52     6.19567
          53     6.19567
          54     6.19567
          55     6.19567
          56     6.19567
          57     6.19567
          58     6.19567
          59     6.19567
          60     6.19567
          61     6.19567
          62     6.19567
          63     6.19567
          64     6.19567
          65     6.19567
          66     6.19567
          67     6.19567
          68     6.19567
          69     6.19567
          70     6.19567
          71     6.19567
          72     6.19567
          73     6.19567
          74     6.19567
          75     6.19567
          76     6.19567
          77     6.19567
          78     6.19567
          79     6.19567
          80     6.19567
          81     6.19567
          82     6.19567
          83     6.19567
          84     6.19567
          85     6.19567
          86     6.19567
          87     6.19567
          88     6.19567
          89     6.19567
          90     6.19567
          91     6.19567
          92     6.19567
          93     6.19567
          94     6.19567
          95     6.19567
          96     6.19567
          97     6.19567
          98     6.19567
          99     6.19567
           0     6.19567
           1     6.19567
           2     6.19567
           3     6.19567
           4     6.19567
           5     6.19567
           6     6.19567
           7     6.19567
           8     6.19567
           9     6.19567
          10     6.19567
          11     6.19567
          12     6.19567
          13     6.19567
          14     6.19567
          15     6.19567
          16     6.19567
          17     6.19567
          18     6.19567
          19     6.19567
          20     6.19567
          21     6.19567
          22     6.19567
          23     6.19567
          24     6.19567
          25     6.19567
          26     6.19567
          27     6.19567
          28     6.19567
          29     6.19567
          30     6.19567
          31     6.19567
          32     6.19567
          33     6.19567
          34     6.19567
          35     6.19567
          36     6.19567
          37     6.19567
          38     6.19567
          39     6.19567
          40     6.19567
          41     6.19567
          42     6.19567
          43     6.19567
          44     6.19567
          45     6.19567
          46     6.19567
          47     6.19567
          48     6.19567
          49     6.19567
          50     6.19567
          51     6.19567
          52     6.19567
          53     6.19567
          54     6.19567
          55     6.19567
          56     6.19567
          57     6.19567
          58     6.19567
          59     6.19567
          60     6.19567
          61     6.19567
          62     6.19567
          63     6.19567
          64     6.19567
          65     6.19567
          66     6.19567
          67     6.19567
          68     6.19567
          69     6.19567
          70     6.19567
          71     6.19567
          72     6.19567
          73     6.19567
          74     6.19567
          75     6.19567
          76     6.19567
          77     6.19567
          78     6.19567
          79     6.19567
          80     6.19567
          81     6.19567
          82     6.19567
          83     6.19567
          84     6.19567
          85     6.19567
          86     6.19567
          87     6.19567
          88     6.19567
          89     6.19567
          90     6.19567
          91     6.19567
          92     6.19567
          93     6.19567
          94     6.19567
          95     6.19567
          96     6.19567
          97     6.19567
          98     6.19567
          99     6.19567
