           0     31.6466
           1     31.6466
           2     29.4278
           3     27.9864
           4     27.9864
           5     25.7913
           6     25.6707
           7      23.644
           8      23.644
           9     23.5738
          10     22.0397
          11     21.9696
          12       21.84
          13     20.8956
          14     18.1315
          15     17.5652
          16     17.4951
          17     16.2327
          18      15.532
          19      15.532
          20     15.1833
          21     10.7774
          22     10.7774
          23     10.7774
          24     10.7616
          25      10.218
          26     10.0859
          27     10.0052
          28     9.53468
          29     9.53468
          30     8.83565
          31     8.83565
          32     8.68305
          33     8.21248
          34     8.21248
          35     8.21248
          36     8.18046
          37     8.18046
          38     8.18046
          39     8.18046
          40     8.18046
          41     8.18046
          42     8.13087
          43     8.06914
          44     8.06914
          45     7.71098
          46     7.71098
          47     7.28203
          48      7.0637
          49      7.0637
          50     6.44944
          51     6.44944
          52     6.44944
          53     6.36253
          54     6.36253
          55     6.36253
          56     6.36253
          57     6.36253
          58     6.06043
          59     6.06043
          60     5.68871
          61     5.68871
          62     5.68871
          63     5.68871
          64     5.68871
          65     5.68871
          66     5.61125
          67     5.51128
          68     5.51128
          69     5.22647
          70     5.22647
          71     5.22647
          72     5.22647
          73     5.10543
          74     5.10543
          75     5.10543
          76     5.10543
          77     5.10543
          78     5.10543
          79     5.10543
          80     5.10543
          81     5.07791
          82     5.07791
          83     5.07791
          84     4.87824
          85     4.87824
          86     4.87824
          87     4.87824
          88     4.87824
          89     4.87824
          90     4.87824
          91     4.86157
          92     4.86157
          93     4.86157
          94     4.86157
          95     4.86157
          96     4.86157
          97     4.86157
          98     4.86157
          99     4.86157
           0     4.86157
           1     4.86157
           2     4.86157
           3     4.86157
           4     4.86157
           5     4.86157
           6     4.86157
           7     4.86157
           8     4.86157
           9     4.86157
          10     4.86157
          11     4.86157
          12     4.86157
          13     4.86157
          14     4.86157
          15     4.86157
          16     4.86157
          17     4.86157
          18     4.86157
          19     4.86157
          20     4.86157
          21     4.86157
          22     4.86157
          23     4.86157
          24     4.86157
          25     4.86157
          26     4.86157
          27     4.86157
          28     4.86157
          29     4.86157
          30     4.86157
          31     4.86157
          32     4.86157
          33     4.86157
          34     4.86157
          35     4.86157
          36     4.86157
          37     4.86157
          38     4.86157
          39     4.86157
          40     4.86157
          41     4.86157
          42     4.86157
          43     4.86157
          44     4.86157
          45     4.86157
          46     4.86157
          47     4.86157
          48     4.86157
          49     4.86157
          50     4.86157
          51     4.86157
          52     4.86157
          53     4.86157
          54     4.86157
          55     4.86157
          56     4.86157
          57     4.86157
          58     4.86157
          59     4.86157
          60     4.86157
          61     4.86157
          62     4.86157
          63     4.86157
          64     4.86157
          65     4.86157
          66     4.86157
          67     4.86157
          68     4.86157
          69     4.86157
          70     4.86157
          71     4.86157
          72     4.86157
          73     4.86157
          74     4.86157
          75     4.86157
          76     4.86157
          77     4.86157
          78     4.86157
          79     4.86157
          80     4.86157
          81     4.86157
          82     4.83699
          83     4.83699
          84     4.83699
          85     4.83699
          86     4.83699
          87     4.83699
          88     4.83699
          89     4.83699
          90     4.83699
          91     4.83699
          92     4.83699
          93     4.81665
          94     4.81665
          95     4.81665
          96     4.81665
          97      4.7808
          98      4.7808
          99     4.60789
           0     4.60789
           1     4.60789
           2     4.60789
           3     4.60789
           4     4.60789
           5     4.60789
           6     4.60789
           7     4.60789
           8     4.60789
           9     4.60789
          10     4.60789
          11     4.60789
          12     4.60789
          13     4.60789
          14     4.60789
          15     4.60789
          16     4.60789
          17     4.60789
          18     4.60789
          19     4.60789
          20     4.60789
          21     4.60789
          22     4.60789
          23     4.60789
          24     4.60789
          25     4.60789
          26     4.60789
          27     4.60789
          28     4.60789
          29     4.60789
          30     4.60789
          31     4.60789
          32     4.60789
          33     4.60789
          34     4.60789
          35     4.60789
          36     4.60789
          37     4.60789
          38     4.60789
          39     4.60789
          40     4.39534
          41     4.39534
          42     4.39534
          43     4.39534
          44     4.39534
          45     4.39534
          46     4.39534
          47     4.39534
          48     4.39534
          49     4.39534
          50     4.39534
          51     4.39534
          52     4.39534
          53     4.39534
          54     4.39534
          55     4.39534
          56     4.39534
          57     4.39534
          58     4.39534
          59     4.27757
          60     4.27757
          61     4.27757
          62     4.27757
          63     4.27757
          64     4.27757
          65     4.27757
          66     4.27757
          67     4.27757
          68     4.27757
          69     4.27757
          70     4.27757
          71     4.27757
          72     4.27757
          73     4.27757
          74     4.27757
          75     4.27757
          76     4.27757
          77     4.27757
          78     4.27757
          79     4.27757
          80     4.27757
          81     4.27757
          82     4.27757
          83     4.27757
          84     4.27757
          85     4.27757
          86     4.27757
          87     4.27757
          88     4.27757
          89     4.27757
          90     4.27757
          91     4.27757
          92     4.27757
          93     4.27757
          94     4.27757
          95     4.27757
          96     4.27757
          97     4.27757
          98     4.27757
          99     4.27757
           0     4.27757
           1     4.27757
           2     4.27757
           3     4.27757
           4     4.27757
           5     4.27757
           6     4.27757
           7     4.27757
           8     4.27757
           9     4.27757
          10     4.27757
          11     4.27757
          12     4.27757
          13     4.27757
          14     4.27757
          15     4.27757
          16     4.27757
          17     4.27757
          18     4.27757
          19     4.27757
          20     4.27757
          21     4.27757
          22     4.27757
          23     4.27757
          24     4.27757
          25     4.27757
          26     4.27757
          27     4.27757
          28     4.27757
          29     4.27757
          30     4.27757
          31     4.27757
          32     4.27757
          33     4.27757
          34     4.27757
          35     4.27757
          36     4.27757
          37     4.27757
          38     4.27757
          39     4.27757
          40     4.27757
          41     4.27757
          42     4.27757
          43     4.27757
          44     4.27757
          45     4.27757
          46     4.27757
          47     4.27757
          48     4.27757
          49     4.27757
          50     4.27757
          51     4.27757
          52     4.27757
          53     4.27757
          54     4.27757
          55     4.27757
          56     4.27757
          57     4.27757
          58     4.27757
          59     4.27757
          60     4.27757
          61     4.27757
          62     4.27757
          63     4.27757
          64     4.27757
          65     4.27757
          66     4.27757
          67     4.27757
          68     4.27757
          69     4.27757
          70     4.27757
          71     4.27757
          72     4.27757
          73     4.27757
          74     4.27757
          75     4.27757
          76     4.27757
          77     4.27757
          78     4.27757
          79     4.27757
          80     4.27757
          81     4.27757
          82     4.27757
          83     4.27757
          84     4.27757
          85     4.27757
          86     4.27757
          87     4.27757
          88     4.27757
          89     4.27757
          90     4.27757
          91     4.27757
          92     4.27757
          93     4.27757
          94     4.27757
          95     4.27757
          96     4.27757
          97     4.27757
          98     4.27757
          99     4.27757
           0     4.27757
           1     4.27757
           2     4.27757
           3     4.27757
           4     4.27757
           5     4.27757
           6     4.27757
           7     4.27757
           8     4.27757
           9     4.27757
          10     4.27757
          11     4.27757
          12     4.27757
          13     4.27757
          14     4.27757
          15     4.27757
          16     4.27757
          17     4.27757
          18     4.27757
          19     4.27757
          20     4.27757
          21     4.27757
          22     4.27757
          23     4.27757
          24     4.27757
          25     4.27757
          26     4.27757
          27     4.27757
          28     4.27757
          29     4.27757
          30     4.27757
          31     4.27757
          32     4.27757
          33     4.27757
          34     4.27757
          35     4.27757
          36     4.27757
          37     4.27757
          38     4.27757
          39     4.27757
          40     4.27757
          41     4.27757
          42     4.27757
          43     4.27757
          44     4.27757
          45     4.27757
          46     4.27757
          47     4.27757
          48     4.27757
          49     4.27757
          50     4.27757
          51     4.27757
          52     4.27757
          53     4.27757
          54     4.27757
          55     4.27757
          56     4.27757
          57     4.27757
          58     4.27757
          59     4.27757
          60     4.27757
          61     4.27757
          62     4.27757
          63     4.27757
          64     4.27757
          65     4.27757
          66     4.27757
          67     4.27757
          68     4.27757
          69     4.27757
          70     4.27757
          71     4.27757
          72     4.27757
          73     4.27757
          74     4.27757
          75     4.27757
          76     4.27757
          77     4.27757
          78     4.27757
          79     4.27757
          80     4.27757
          81     4.27757
          82     4.27757
          83     4.27757
          84     4.27757
          85     4.27757
          86     4.27757
          87     4.27757
          88     4.27757
          89     4.27757
          90     4.27757
          91     4.27757
          92     4.27757
          93     4.27757
          94     4.27757
          95     4.27757
          96     4.27757
          97     4.27757
          98     4.27757
          99     4.27757
           0     4.27757
           1     4.27757
           2     4.27757
           3     4.27757
           4     4.27757
           5     4.27757
           6     4.27757
           7     4.27757
           8     4.27757
           9     4.27757
          10     4.27757
          11     4.27757
          12     4.27757
          13     4.27757
          14     4.27757
          15     4.27757
          16     4.27757
          17     4.27757
          18     4.27757
          19     4.27757
          20     4.27757
          21     4.27757
          22     4.27757
          23     4.27757
          24     4.27757
          25     4.27757
          26     4.27757
          27     4.27757
          28     4.27757
          29     4.27757
          30     4.27757
          31     4.27757
          32     4.27757
          33     4.27757
          34     4.27757
          35     4.27757
          36     4.27757
          37     4.27757
          38     4.27757
          39     4.27757
          40     4.27757
          41     4.27757
          42     4.27757
          43     4.27757
          44     4.27757
          45     4.27757
          46     4.27757
          47     4.27757
          48     4.27757
          49     4.27757
          50     4.27757
          51     4.27757
          52     4.27757
          53     4.27757
          54     4.27757
          55     4.27757
          56     4.27757
          57     4.27757
          58     4.27757
          59     4.27757
          60     4.27757
          61     4.27757
          62     4.27757
          63     4.27757
          64     4.27757
          65     4.27757
          66     4.27757
          67     4.27757
          68     4.27757
          69     4.27757
          70     4.27757
          71     4.27757
          72     4.27757
          73     4.27757
          74     4.27757
          75     4.27757
          76     4.27757
          77     4.27757
          78     4.27757
          79     4.27757
          80     4.27757
          81     4.27757
          82     4.27757
          83     4.27757
          84     4.27757
          85     4.27757
          86     4.27757
          87     4.27757
          88     4.27757
          89     4.27757
          90     4.27757
          91     4.27757
          92     4.27757
          93     4.27757
          94     4.27757
          95     4.27757
          96     4.27757
          97     4.27757
          98     4.27757
          99     4.27757
           0     4.27757
           1     4.27757
           2     4.27757
           3     4.27757
           4     4.27757
           5     4.27757
           6     4.27757
           7     4.27757
           8     4.27757
           9     4.27757
          10     4.27757
          11     4.27757
          12     4.27757
          13     4.27757
          14     4.27757
          15     4.27757
          16     4.27757
          17     4.27757
          18     4.27757
          19     4.27757
          20     4.27757
          21     4.27757
          22     4.27757
          23     4.27757
          24     4.27757
          25     4.27757
          26     4.27757
          27     4.27757
          28     4.27757
          29     4.27757
          30     4.27757
          31     4.27757
          32     4.27757
          33     4.27757
          34     4.27757
          35     4.27757
          36     4.27757
          37     4.27757
          38     4.27757
          39     4.27757
          40     4.27757
          41     4.27757
          42     4.27757
          43     4.27757
          44     4.27757
          45     4.27757
          46     4.27757
          47     4.27757
          48     4.27757
          49     4.27757
          50     4.27757
          51     4.27757
          52     4.27757
          53     4.27757
          54     4.27757
          55     4.27757
          56     4.27757
          57     4.27757
          58     4.27757
          59     4.27757
          60     4.27757
          61     4.27757
          62     4.27757
          63     4.27757
          64     4.27757
          65     4.27757
          66     4.27757
          67     4.27757
          68     4.27757
          69     4.27757
          70     4.27757
          71     4.27757
          72     4.27757
          73     4.27757
          74     4.27757
          75     4.27757
          76     4.27757
          77     4.27757
          78     4.27757
          79     4.27757
          80     4.27757
          81     4.27757
          82     4.27757
          83     4.27757
          84     4.27757
          85     4.27757
          86     4.27757
          87     4.27757
          88     4.27757
          89     4.27757
          90     4.27757
          91     4.27757
          92     4.27757
          93     4.27757
          94     4.27757
          95     4.27757
          96     4.27757
          97     4.27757
          98     4.27757
          99     4.27757
           0     4.27757
           1     4.27757
           2     4.27757
           3     4.27757
           4     4.27757
           5     4.27757
           6     4.27757
           7     4.27757
           8     4.27757
           9     4.27757
          10     4.27757
          11     4.27757
          12     4.27757
          13     4.27757
          14     4.27757
          15     4.27757
          16     4.27757
          17     4.27757
          18     4.27757
          19     4.27757
          20     4.27757
          21     4.27757
          22     4.27757
          23     4.27757
          24     4.27757
          25     4.27757
          26     4.27757
          27     4.27757
          28     4.27757
          29     4.27757
          30     4.27757
          31     4.27757
          32     4.27757
          33     4.27757
          34     4.27757
          35     4.27757
          36     4.27757
          37     4.27757
          38     4.27757
          39     4.27757
          40     4.27757
          41     4.27757
          42     4.27757
          43     4.27757
          44     4.27757
          45     4.27757
          46     4.27757
          47     4.27757
          48     4.27757
          49     4.27757
          50     4.27757
          51     4.27757
          52     4.27757
          53     4.27757
          54     4.27757
          55     4.27757
          56     4.27757
          57     4.27757
          58     4.27757
          59     4.27757
          60     4.27757
          61     4.27757
          62     4.27757
          63     4.27757
          64     4.27757
          65     4.27757
          66     4.27757
          67     4.27757
          68     4.27757
          69     4.27757
          70     4.27757
          71     4.27757
          72     4.27757
          73     4.27757
          74     4.27757
          75     4.27757
          76     4.27757
          77     4.27757
          78     4.27757
          79     4.27757
          80     4.27757
          81     4.27757
          82     4.27757
          83     4.27757
          84     4.27757
          85     4.27757
          86     4.27757
          87     4.27757
          88     4.27757
          89     4.27757
          90     4.27757
          91     4.27757
          92     4.27757
          93     4.27757
          94     4.27757
          95     4.27757
          96     4.27757
          97     4.27757
          98     4.27757
          99     4.27757
           0     4.27757
           1     4.27757
           2     4.27757
           3     4.27757
           4     4.27757
           5     4.27757
           6     4.27757
           7     4.27757
           8     4.27757
           9     4.27757
          10     4.27757
          11     4.27757
          12     4.27757
          13     4.27757
          14     4.27757
          15     4.27757
          16     4.27757
          17     4.27757
          18     4.27757
          19     4.27757
          20     4.27757
          21     4.27757
          22     4.27757
          23     4.27757
          24     4.27757
          25     4.27757
          26     4.27757
          27     4.27757
          28     4.27757
          29     4.27757
          30     4.27757
          31     4.27757
          32     4.27757
          33     4.27757
          34     4.27757
          35     4.27757
          36     4.27757
          37     4.27757
          38     4.27757
          39     4.27757
          40     4.27757
          41     4.27757
          42     4.27757
          43     4.27757
          44     4.27757
          45     4.27757
          46     4.27757
          47     4.27757
          48     4.27757
          49     4.27757
          50     4.27757
          51     4.27757
          52     4.27757
          53     4.27757
          54     4.27757
          55     4.27757
          56     4.27757
          57     4.27757
          58     4.27757
          59     4.27757
          60     4.27757
          61     4.27757
          62     4.27757
          63     4.27757
          64     4.27757
          65     4.27757
          66     4.27757
          67     4.27757
          68     4.27757
          69     4.27757
          70     4.27757
          71     4.27757
          72     4.27757
          73     4.27757
          74     4.27757
          75     4.27757
          76     4.27757
          77     4.27757
          78     4.27757
          79     4.27757
          80     4.27757
          81     4.27757
          82     4.27757
          83     4.27757
          84     4.27757
          85     4.27757
          86     4.27757
          87     4.27757
          88     4.27757
          89     4.27757
          90     4.27757
          91     4.27757
          92     4.27757
          93     4.27757
          94     4.27757
          95     4.27757
          96     4.27757
          97     4.27757
          98     4.27757
          99     4.27757
           0     4.27757
           1     4.27757
           2     4.27757
           3     4.27757
           4     4.27757
           5     4.27757
           6     4.27757
           7     4.27757
           8     4.27757
           9     4.27757
          10     4.27757
          11     4.27757
          12     4.27757
          13     4.27757
          14     4.27757
          15     4.27757
          16     4.27757
          17     4.27757
          18     4.27757
          19     4.27757
          20     4.27757
          21     4.27757
          22     4.27757
          23     4.27757
          24     4.27757
          25     4.27757
          26     4.27757
          27     4.27757
          28     4.27757
          29     4.27757
          30     4.27757
          31     4.27757
          32     4.27757
          33     4.27757
          34     4.27757
          35     4.27757
          36     4.27757
          37     4.27757
          38     4.27757
          39     4.27757
          40     4.27757
          41     4.27757
          42     4.27757
          43     4.27757
          44     4.27757
          45     4.27757
          46     4.27757
          47     4.27757
          48     4.27757
          49     4.27757
          50     4.27757
          51     4.27757
          52     4.27757
          53     4.27757
          54     4.27757
          55     4.27757
          56     4.27757
          57     4.27757
          58     4.27757
          59     4.27757
          60     4.27757
          61     4.27757
          62     4.27757
          63     4.27757
          64     4.27757
          65     4.27757
          66     4.27757
          67     4.27757
          68     4.27757
          69     4.27757
          70     4.27757
          71     4.27757
          72     4.27757
          73     4.27757
          74     4.27757
          75     4.27757
          76     4.27757
          77     4.27757
          78     4.27757
          79     4.27757
          80     4.27757
          81     4.27757
          82     4.27757
          83     4.27757
          84     4.27757
          85     4.27757
          86     4.27757
          87     4.27757
          88     4.27757
          89     4.27757
          90     4.27757
          91     4.27757
          92     4.27757
          93     4.27757
          94     4.27757
          95     4.27757
          96     4.27757
          97     4.27757
          98     4.27757
          99     4.27757
