   -0.754701    0.252425
   -0.770265    0.296514
   -0.724503    0.353767
   -0.685367    0.935684
   -0.195218    0.277465
   0.0252606     0.51907
       0.249    0.483598
    0.393199     0.44728
    0.387992    0.365534
    0.556864    0.142152
    0.780795  -0.0475474
    0.969225   -0.195234
     0.54043   -0.280843
    0.341822   -0.336765
    0.112678   -0.466512
    -0.36917   -0.722878
   -0.558453   -0.463181
   -0.924653   -0.411083
   -0.881757   -0.955839
   -0.608219   -0.805566
    0.229562     -0.8219
    0.589996   -0.710239
    0.911858   -0.893578
    0.388618    -0.66253
   0.0892062   -0.279476
   0.0162088    0.168618
    0.432192    0.317874
    0.799188    0.282963
    0.811788    0.470813
    0.568305    0.998576
   -0.121131    0.985851
   -0.263021    0.437259
   -0.754701    0.252425
